# kicked-Ising Floquet q=0 M=9 dim=196608 tauF=1 g=0.9 h=0.809 solver=mf-gates-gpures
# theta  nu  sigma2  tau  nu_bar  accepted
0.0316227766  0.3327600254  1.0191354  0.9905674577  6.764e-07  1
0.04961947603  0.3320262868  0.9623613752  1.019367793  6.882e-08  1
0.07785819799  0.3304706135  0.8838876765  1.063656652  9.627e-08  1
0.1221677349  0.3273934871  0.7817275995  1.131025189  1.815e-07  1
0.1916940777  0.3218518133  0.6593075986  1.23156109  4.077e-07  1
0.3007882518  0.3129578815  0.5270460213  1.377449642  9.49e-07  1
0.471968532  0.3003865825  0.3998090555  1.581516352  2.048e-06  1
0.7405684692  0.2846547758  0.2904439093  1.855533772  9.637e-07  1
1.162030136  0.2669343111  0.2052126447  2.207485916  5.889e-07  1
1.823348001  0.2484807741  0.143404249  2.640699543  7.907e-07  1
2.861025569  0.2304244674  0.1010222457  3.14623741  5.674e-07  1
4.489251258  0.2136886172  0.07328643224  3.693926163  9.448e-08  1
7.044109314  0.1988506521  0.0557477036  4.235322728  1.935e-07  1
11.05295141  0.1860714142  0.04481299613  4.723870783  4.215e-07  1
17.34324802  0.1751821979  0.0379209492  5.135235916  1.304e-07  1
27.21338768  0.1659373549  0.03346466418  5.466467424  1.559e-07  1
42.70067916  0.1581788733  0.03051211799  5.724846183  1.564e-07  1
67.00187504  0.151854584  0.02853435737  5.919921556  1.208e-07  1
105.1330177  0.1469158569  0.02721254894  6.061992413  1.178e-07  1
164.9648074  0.1432370635  0.02633746992  6.161876273  1.357e-07  1
258.847204  0.1406125535  0.02576439339  6.230028582  1.058e-07  1
406.1585988  0.1388026238  0.02539218052  6.275524096  8.825e-08  1
637.3057342  0.1375867971  0.02515214388  6.305397869  1.151e-07  1
1000  0.136786794  0.0249984357  6.3247532  2.575e-07  1
