# kicked-Ising Floquet q=0 M=7 dim=12288 tauF=1 g=0.9 h=0.809 solver=mf-gates-gpures
# theta  nu  sigma2  tau  nu_bar  accepted
0.0316227766  0.3327594773  1.020174105  0.9900630493  1.206e-05  1
0.04961947603  0.3320165118  0.962573525  1.019255453  1.686e-05  1
0.07785819799  0.3304542939  0.883763953  1.063731104  1.658e-05  1
0.1221677349  0.3273891953  0.7816314011  1.131094787  6.331e-06  1
0.1916940777  0.3218532746  0.6593368208  1.231533798  5.323e-07  1
0.3007882518  0.3129602954  0.5270830999  1.377401191  1.132e-06  1
0.471968532  0.3004060349  0.4000087781  1.581121481  2.285e-06  1
0.7405684692  0.2847606928  0.2912156874  1.853073378  9.412e-07  1
1.162030136  0.2673488432  0.2074047207  2.195789386  9.118e-07  1
1.823348001  0.2496478766  0.1480027613  2.599351976  1.059e-06  1
2.861025569  0.2329024061  0.108521643  3.035580958  8.588e-07  1
4.489251258  0.2178333659  0.08330258834  3.464740815  1.336e-06  1
7.044109314  0.2046191217  0.06736579662  3.852833799  1.583e-07  1
11.05295141  0.1931000673  0.0571341687  4.1836182  3.151e-07  1
17.34324802  0.1830904086  0.05039124348  4.454741033  1.552e-07  1
27.21338768  0.1745474911  0.04586771296  4.669242792  1.378e-07  1
42.70067916  0.1675247125  0.04282580104  4.832226164  1.334e-07  1
67.00187504  0.1620321427  0.04079873598  4.950814406  1.406e-07  1
105.1330177  0.1579497  0.03946498701  5.033777531  1.346e-07  1
164.9648074  0.1550466866  0.03859719392  5.090051003  1.128e-07  1
258.847204  0.1530527172  0.0380371972  5.127382844  2.109e-07  1
406.1585988  0.1517150873  0.03767717527  5.151821797  1.709e-07  1
637.3057342  0.1508341421  0.03744671208  5.167650745  1.762e-07  1
1000  0.1502735773  0.03730276651  5.177611725  7.247e-07  1
