# kicked-Ising Floquet q=0 M=11 dim=3145728 tauF=1 g=0.9 h=0.809 solver=mf-gates-gpures
# theta  nu  sigma2  tau  nu_bar  accepted
0.0316227766  0.3327594294  1.019074646  0.9905969847  6.429e-07  1
0.04961947603  0.3320263259  0.9623626457  1.01936712  2.403e-08  1
0.07785819799  0.3304706484  0.8838886635  1.063656058  6.532e-08  1
0.1221677349  0.3273934917  0.781727498  1.131025263  1.61e-07  1
0.1916940777  0.3218517818  0.659306672  1.231561956  3.804e-07  1
0.3007882518  0.3129577761  0.5270441403  1.3774521  9.046e-07  1
0.471968532  0.3003852698  0.3997959851  1.581542204  1.998e-06  1
0.7405684692  0.2846440118  0.2903685381  1.855774578  9.127e-07  1
1.162030136  0.266864164  0.2048640468  2.209363253  4.879e-07  1
1.823348001  0.2481868754  0.1423387361  2.65056493  5.641e-07  1
2.861025569  0.2295547656  0.09866842486  3.183544335  5.045e-07  1
4.489251258  0.2117834937  0.06932039199  3.798127111  8.728e-08  1
7.044109314  0.1955844051  0.05032397813  4.457717245  1.952e-07  1
11.05295141  0.1814364895  0.03841538911  5.102081383  5.435e-07  1
17.34324802  0.1694448721  0.03105518279  5.674569965  1.815e-07  1
27.21338768  0.1594173382  0.02646400436  6.147127488  1.554e-07  1
42.70067916  0.1510741516  0.02352607479  6.519664736  1.926e-07  1
67.00187504  0.1442125229  0.02159761417  6.804513981  4.663e-08  1
105.1330177  0.138717279  0.02031398359  7.016207934  5.762e-08  1
164.9648074  0.1344881372  0.0194592501  7.168642951  8.44e-08  1
258.847204  0.1313734481  0.01889436339  7.275014581  7.832e-08  1
406.1585988  0.1291687938  0.01852444292  7.347294058  6.658e-08  1
637.3057342  0.1276579605  0.01828426481  7.395392844  5.44e-08  1
1000  0.1266481373  0.01812948705  7.426894278  1.377e-07  1
