# kicked-Ising Floquet q=0 M=12 dim=12582912 tauF=1 g=0.9 h=0.809 solver=mf-gates-gpures
# theta  nu  sigma2  tau  nu_bar  accepted
0.0316227766  0.3327546809  1.01978854  0.9902501944  4.058e-05  1
0.04961947603  0.3320153363  0.9624514625  1.019320085  1.889e-05  1
0.07785819799  0.3304540793  0.8836971259  1.063771324  1.647e-05  1
0.1221677349  0.3273752446  0.7814994486  1.131190273  1.256e-05  1
0.1916940777  0.3218357383  0.6591436303  1.231714262  8.925e-06  1
0.3007882518  0.3129440927  0.5268837338  1.377661762  3.553e-06  1
0.471968532  0.3003876343  0.3998169688  1.581500701  2.225e-06  1
0.7405684692  0.2846429834  0.2903620624  1.855795271  8.782e-07  1
1.162030136  0.2668572417  0.204831003  2.209541456  3.878e-07  1
1.823348001  0.248145188  0.142194951  2.651904694  4.979e-07  1
2.861025569  0.229390516  0.09825024709  3.190312124  4.943e-07  1
4.489251258  0.2113213027  0.06843413033  3.82264197  8.331e-08  1
7.044109314  0.1946248295  0.04889227886  4.522513375  1.865e-07  1
11.05295141  0.1798593236  0.03651677055  5.233037159  6.216e-08  1
17.34324802  0.1672733963  0.02885886311  5.886543951  1.991e-07  1
27.21338768  0.1567772289  0.02412870177  6.437733911  1.675e-07  1
42.70067916  0.1481006353  0.02115113515  6.875957124  1.731e-07  1
67.00187504  0.1409898057  0.01922671091  7.211863561  6.616e-08  1
105.1330177  0.1352769623  0.01795803451  7.462263822  7.475e-08  1
164.9648074  0.1308416899  0.017116236  7.643563309  8.65e-08  1
258.847204  0.1275392301  0.01655981214  7.77091748  9.156e-08  1
406.1585988  0.1251770305  0.0161948076  7.858001432  4.434e-08  1
637.3057342  0.1235447047  0.01595743066  7.916232064  7.473e-08  1
1000  0.1224452184  0.01580401061  7.954563329  5.86e-08  1
