# kicked-Ising Floquet q=0 M=8 dim=49152 tauF=1 g=0.9 h=0.809 solver=mf-gates-gpures
# theta  nu  sigma2  tau  nu_bar  accepted
0.0316227766  0.3327603722  1.01941312  0.9904325177  1.077e-05  1
0.04961947603  0.3320231071  0.9622968368  1.019401976  4.89e-06  1
0.07785819799  0.3304668234  0.8837974533  1.063710943  3.522e-06  1
0.1221677349  0.3273905247  0.7816726201  1.131064964  2.032e-06  1
0.1916940777  0.3218504378  0.6592928824  1.231574835  1.284e-06  1
0.3007882518  0.3129581902  0.5270574862  1.37743466  1.546e-06  1
0.471968532  0.3003934739  0.3998835137  1.581369107  2.588e-06  1
0.7405684692  0.2846950684  0.2907386873  1.854592877  1.133e-06  1
1.162030136  0.2670983769  0.206077734  2.202847663  9.31e-07  1
1.823348001  0.2489531234  0.1452549611  2.623822868  8.216e-07  1
2.861025569  0.2314471536  0.1040903372  3.099522493  7.716e-07  1
4.489251258  0.2154176613  0.0774192634  3.593978564  1.131e-06  1
7.044109314  0.2012540454  0.06053791549  4.064304786  1.538e-07  1
11.05295141  0.1889534957  0.04984736945  4.478977468  3.616e-07  1
17.34324802  0.1783339157  0.0429467407  4.8254175  1.279e-07  1
27.21338768  0.1692559404  0.03839214239  5.103625823  2.073e-07  1
42.70067916  0.1616866563  0.0353468387  5.318935342  1.25e-07  1
67.00187504  0.1556279811  0.03331133333  5.479033955  1.079e-07  1
105.1330177  0.1510075301  0.03196245402  5.593452339  1.36e-07  1
164.9648074  0.1476451633  0.03107837512  5.672452238  1.192e-07  1
258.847204  0.145292699  0.03050443604  5.725566984  9.724e-08  1
406.1585988  0.1436944517  0.03013418403  5.760633981  1.64e-07  1
637.3057342  0.1426317941  0.0298964518  5.78349249  1.152e-07  1
1000  0.1419403345  0.029745295  5.798168868  3.542e-07  1
