# kicked-Ising Floquet q=0 M=6 dim=3072 tauF=1 g=0.9 h=0.809 solver=mf-gates-gpures
# theta  nu  sigma2  tau  nu_bar  accepted
0.0316227766  0.3327601039  1.021946597  0.9892040804  3.172e-05  1
0.04961947603  0.3320262656  0.9623935322  1.019350763  7.071e-06  1
0.07785819799  0.3304705631  0.8838912205  1.06365452  3.708e-07  1
0.1221677349  0.3273938643  0.7817435271  1.131013667  3.296e-07  1
0.1916940777  0.3218563841  0.6594126087  1.231463025  4.877e-07  1
0.3007882518  0.3129864969  0.5274936328  1.376865091  1.034e-06  1
0.471968532  0.30052251  0.4012985235  1.578578629  2.185e-06  1
0.7405684692  0.2851478178  0.2943133277  1.843295808  7.942e-07  1
1.162030136  0.2683041406  0.2131102258  2.166196528  6.989e-07  1
1.823348001  0.251462068  0.1563986671  2.528619462  8.868e-07  1
2.861025569  0.2356494709  0.1188482753  2.900704964  9.811e-07  1
4.489251258  0.2213075917  0.09450169068  3.252971144  1.327e-06  1
7.044109314  0.2085021963  0.07865711917  3.565586542  1.007e-07  1
11.05295141  0.1972067092  0.06819899447  3.829226134  2.681e-07  1
17.34324802  0.1874737801  0.06122957514  4.041284052  1.646e-07  1
27.21338768  0.1794115787  0.05659079626  4.20365531  1.677e-07  1
42.70067916  0.1730549279  0.05352994361  4.322167636  1.231e-07  1
67.00187504  0.1682961919  0.0515344694  4.405052569  1.078e-07  1
105.1330177  0.1648915644  0.05024599614  4.461175101  3.115e-07  1
164.9648074  0.162540473  0.0494189107  4.498351787  2.69e-07  1
258.847204  0.1609603049  0.04889033811  4.522603137  3.247e-07  1
406.1585988  0.15991522  0.04855238661  4.538315754  1.72e-07  1
637.3057342  0.1592340623  0.04833700065  4.548415708  1.792e-07  1
1000  0.1588159972  0.048206716  4.554557891  9.403e-07  1
