# kicked-Ising Floquet q=0 M=10 dim=786432 tauF=1 g=0.9 h=0.809 solver=mf-gates-gpures
# theta  nu  sigma2  tau  nu_bar  accepted
0.0316227766  0.3327590368  1.019149582  0.9905605656  3.709e-05  1
0.04961947603  0.3320260357  0.9623474155  1.019375187  1.31e-07  1
0.07785819799  0.3304705931  0.8838881242  1.063656383  1.159e-07  1
0.1221677349  0.3273935014  0.781729172  1.131024052  2.252e-07  1
0.1916940777  0.3218518515  0.6593096407  1.231559183  4.966e-07  1
0.3007882518  0.3129577964  0.5270461814  1.377449433  1.086e-06  1
0.471968532  0.3003855128  0.3997997839  1.58153469  2.084e-06  1
0.7405684692  0.2846472607  0.2903918241  1.85570017  1.007e-06  1
1.162030136  0.2668886209  0.2049852748  2.208709849  6.833e-07  1
1.823348001  0.2482942815  0.1427257338  2.646969016  5.965e-07  1
2.861025569  0.2298870407  0.09955867195  3.169278852  5.061e-07  1
4.489251258  0.212543463  0.07087735726  3.756178668  8.921e-08  1
7.044109314  0.1969313898  0.05251153177  4.363878562  1.94e-07  1
11.05295141  0.1833934821  0.04104061679  4.936203555  4.558e-07  1
17.34324802  0.1718985729  0.03389568145  5.431600445  1.544e-07  1
27.21338768  0.1622147594  0.02936538994  5.835554292  1.511e-07  1
42.70067916  0.1541130322  0.02641664524  6.152635232  1.945e-07  1
67.00187504  0.1474670664  0.02446061911  6.393906446  1.756e-07  1
105.1330177  0.1422041225  0.02315589092  6.571571728  1.525e-07  1
164.9648074  0.1382173292  0.0222900378  6.697991585  9.187e-08  1
258.847204  0.1353277183  0.02172085435  6.785182735  5.27e-08  1
406.1585988  0.1333103062  0.02135008064  6.843846183  9.924e-08  1
637.3057342  0.1319419648  0.02111029943  6.882604329  7.537e-08  1
1000  0.1310346649  0.02095631479  6.907844348  1.887e-07  1
