# model=Ising J=1 g=0.905 h=0.809 M=9 dim=196608 q=0.02 solver=mf-L1qL1q-gpures
# theta  nu  sigma2  tau  nu_bar  accepted
0.0316227766  0.3291984473  1.241579084  0.8974552576  2.615e-07  1
0.04893900918  0.3260561525  0.9892024933  1.00544287  1.748e-07  1
0.07573739176  0.3213955148  0.7416141834  1.161210586  2.023e-07  1
0.1172102298  0.3151328939  0.5208593312  1.385606065  2.148e-07  1
0.1813930694  0.3075261829  0.3426002743  1.708465239  3.009e-07  1
0.2807216204  0.29915501  0.212139206  2.171148508  1.481e-07  1
0.4344412299  0.2907370762  0.1250176582  2.828227366  1.12e-07  1
0.6723357536  0.2828883417  0.07120891346  3.747423884  4.712e-08  1
1.04049831  0.2759605628  0.0398505703  5.009365605  3.652e-08  1
1.610262028  0.2700238995  0.02216951224  6.716173873  4.696e-08  1
2.492021151  0.2649649935  0.01228602011  9.0218248  2.921e-08  1
3.856620421  0.2606248615  0.006736297177  12.18398571  1.46e-08  1
5.968456995  0.2568967658  0.003620769956  16.61879511  1e-08  1
9.236708572  0.2537411857  0.001899414467  22.94510921  6.651e-09  1
14.29461338  0.2511445009  0.0009760464718  32.00845796  4.595e-09  1
22.12216291  0.2490787171  0.0004978896547  44.81603687  3.378e-09  1
34.23597958  0.2474886124  0.0002586439117  62.17973546  2.231e-09  1
52.98316906  0.246299887  0.0001425074182  83.76860129  1.277e-09  1
81.99608245  0.2454335108  8.758581983e-05  106.8521094  8.379e-10  1
126.8961003  0.2448160609  6.219503724e-05  126.800841  5.591e-10  1
196.3828002  0.2443847804  5.068799625e-05  140.4583099  3.659e-10  1
303.9195382  0.2440888868  4.556172053e-05  148.1494154  2.315e-10  1
470.3420342  0.2438889798  4.330946623e-05  151.952757  1.46e-10  1
727.8953844  0.2437556056  4.232972037e-05  153.7012149  1.036e-10  1
1126.481692  0.2436674767  4.190586612e-05  154.4765599  1.356e-10  1
1743.328822  0.2436096571  4.172262189e-05  154.8154159  1.941e-10  1
2697.95364  0.2435719127  4.164302817e-05  154.9632973  2.746e-10  1
4175.318937  0.2435473582  4.160808135e-05  155.0283608  3.794e-10  1
6461.670787  0.2435314214  4.159246086e-05  155.0574694  5.156e-10  1
10000  0.2435210936  4.158529549e-05  155.0708274  6.749e-10  1
