# model=Ising J=1 g=0.905 h=0.809 M=8 dim=49152 q=0.008 solver=mf-L1qL1q-gpures
# theta  nu  sigma2  tau  nu_bar  accepted
0.0316227766  0.3292010905  1.241824057  0.8973667333  2.307e-07  1
0.05455594781  0.3250462566  0.9261713017  1.039092811  1.351e-07  1
0.09412049673  0.3184715637  0.6271484007  1.262742624  2.776e-07  1
0.1623776739  0.3095577738  0.3833131987  1.615188126  7.156e-08  1
0.2801356761  0.2992185173  0.2129856996  2.16682969  2.348e-07  1
0.4832930239  0.2888222674  0.1100440769  3.014509551  6.339e-08  1
0.8337822235  0.2794569414  0.05457591008  4.280549334  9.035e-08  1
1.438449888  0.2715095894  0.0265899106  6.132556547  3.495e-08  1
2.481628923  0.2648505655  0.01272045154  8.866428905  2.229e-08  1
4.281332399  0.2592748624  0.005871792311  13.05012456  1.88e-08  1
7.386199822  0.2547226304  0.002580475347  19.68566739  1.036e-08  1
12.74274986  0.2511888369  0.001080220205  30.42592931  6.586e-09  1
21.98392649  0.2485949644  0.0004355140551  47.91802528  3.385e-09  1
37.92690191  0.2467803241  0.0001721764769  76.21019827  1.742e-09  1
65.4318913  0.2455589447  6.88989727e-05  120.4740823  1.352e-09  1
112.8837892  0.2447635504  2.976052414e-05  183.3072795  7.006e-10  1
194.748304  0.244260558  1.536960663e-05  255.0754279  4.626e-10  1
335.9818286  0.2439504573  1.021324092e-05  312.9091131  1.205e-09  1
579.6393953  0.2437631325  8.40298861e-06  344.971417  2.549e-09  1
1000  0.2436516505  7.776557751e-06  358.5967087  4.7e-09  1
