# model=Ising J=1 g=0.905 h=0.809 M=10 dim=786432 q=0.07 solver=mf-L1qL1q-gpures
# theta  nu  sigma2  tau  nu_bar  accepted
0.0316227766  0.329237629  1.246043161  0.8958462026  5.613e-07  1
0.04893900918  0.3260612887  0.9901255236  1.004974106  5.13e-07  1
0.07573739176  0.3214043826  0.7427242701  1.16034248  5.701e-07  1
0.1172102298  0.3151440165  0.5220143434  1.384072315  1.21e-07  1
0.1813930694  0.307537091  0.3437352933  1.705642218  2.185e-07  1
0.2807216204  0.2991557928  0.2130989576  2.166253799  1.476e-07  1
0.4344412299  0.2907096863  0.1256664986  2.820916575  1.308e-07  1
0.6723357536  0.2828131286  0.07151166059  3.739483045  7.663e-08  1
1.04049831  0.2758418736  0.03993884942  5.003826299  3.057e-08  1
1.610262028  0.2699028451  0.02223530978  6.70622944  2.532e-08  1
2.492021151  0.2649062819  0.01246292869  8.95756452  1.972e-08  1
3.856620421  0.2606782487  0.00705033547  11.90954333  1.291e-08  1
5.968456995  0.2570656674  0.004027634461  15.75705228  8.63e-09  1
9.236708572  0.2539848482  0.002344056712  20.65455976  6.475e-09  1
14.29461338  0.2514057757  0.001423971824  26.50020918  3.937e-09  1
22.12216291  0.2493112209  0.0009362895403  32.68096818  2.743e-09  1
34.23597958  0.2476685592  0.000686626431  38.16275695  1.784e-09  1
52.98316906  0.2464240219  0.0005630250454  42.14403781  1.217e-09  1
81.99608245  0.2455104584  0.0005035916301  44.56159717  7.319e-10  1
126.8961003  0.2448582695  0.000475675588  45.85055196  4.941e-10  1
196.3828002  0.2444037008  0.000462780398  46.48496651  3.287e-10  1
303.9195382  0.2440931463  0.0004568760885  46.78436999  2.292e-10  1
470.3420342  0.243884342  0.0004541714117  46.9234681  1.579e-10  1
727.8953844  0.2437456461  0.0004529187626  46.98831202  1.107e-10  1
1126.481692  0.2436543313  0.0004523257021  47.01910596  8.38e-11  1
1743.328822  0.2435945814  0.0004520356697  47.0341876  6.007e-11  1
2697.95364  0.2435556542  0.0004518880024  47.04187185  4.838e-11  1
4175.318937  0.2435303866  0.0004518094751  47.04595976  4.324e-11  1
6461.670787  0.2435139705  0.0004517657269  47.04823763  4.304e-11  1
10000  0.2435033915  0.0004517405641  47.04954795  8.18e-11  1
