# model=Ising J=1 g=0.905 h=0.809 M=11 dim=3145728 q=0.1 solver=mf-L1qL1q-gpures
# theta  nu  sigma2  tau  nu_bar  accepted
0.0316227766  0.3291876046  1.241635438  0.8974348909  5.764e-07  1
0.04893900918  0.3260680067  0.9911821222  1.004438313  1.912e-07  1
0.07573739176  0.3214138848  0.7439222602  1.159407814  2.069e-07  1
0.1172102298  0.3151573356  0.5233545775  1.382298977  3.006e-07  1
0.1813930694  0.3075505967  0.345048809  1.702392643  1.631e-07  1
0.2807216204  0.2991632906  0.2142961061  2.16019452  1.38e-07  1
0.4344412299  0.2906974006  0.1266322237  2.810139524  6.948e-08  1
0.6723357536  0.2827622678  0.07218980586  3.721877399  5.306e-08  1
1.04049831  0.275739347  0.04036297417  4.977467351  5.092e-08  1
1.610262028  0.2697618358  0.0225271067  6.662654484  2.579e-08  1
2.492021151  0.2647658795  0.01274219954  8.858859199  1.995e-08  1
3.856620421  0.2605843228  0.007379698856  11.64074243  1.212e-08  1
5.968456995  0.2570410194  0.004408927829  15.06029591  8.895e-09  1
9.236708572  0.254015883  0.002751501149  19.06404923  5.159e-09  1
14.29461338  0.2514544079  0.001834205798  23.34941311  3.692e-09  1
22.12216291  0.2493367804  0.001338145338  27.33684292  2.499e-09  1
34.23597958  0.2476429011  0.001078183922  30.45464731  1.558e-09  1
52.98316906  0.2463350089  0.0009462951906  32.50773296  9.834e-10  1
81.99608245  0.2453577962  0.0008812158789  33.68672901  6.517e-10  1
126.8961003  0.2446472925  0.0008497081639  34.30560672  4.601e-10  1
196.3828002  0.2441418697  0.0008345939963  34.61484346  3.148e-10  1
303.9195382  0.2437888124  0.0008273416168  34.76622725  2.117e-10  1
470.3420342  0.2435458641  0.0008238237091  34.84037788  1.52e-10  1
727.8953844  0.2433809756  0.0008220829981  34.87724457  1.14e-10  1
1126.481692  0.2432704346  0.0008211966128  34.89606244  9.106e-11  1
1743.328822  0.2431970839  0.0008207288691  34.90600488  7.217e-11  1
2697.95364  0.2431488  0.0008204722352  34.91146354  5.778e-11  1
4175.318937  0.2431172266  0.000820326091  34.9145732  4.86e-11  1
6461.670787  0.2430967768  0.0008202405022  34.91639475  9.913e-11  1
10000  0.2430844282  0.0008201923431  34.91741983  1.953e-10  1
