# model=Ising J=1 g=0.905 h=0.809 M=8 dim=49152 q=0.1 solver=mf-L1qL1q-gpures
# theta  nu  sigma2  tau  nu_bar  accepted
0.0316227766  0.3292020772  1.242833491  0.897002237  9.942e-08  1
0.04893900918  0.3260688444  0.9912619953  1.004397845  6.585e-07  1
0.07573739176  0.3214139412  0.7439323956  1.159399916  4.059e-07  1
0.1172102298  0.3151585487  0.5234008298  1.382237899  4.859e-07  1
0.1813930694  0.3075590356  0.345250146  1.701896184  8.432e-08  1
0.2807216204  0.2991988541  0.214906351  2.157125312  1.499e-07  1
0.4344412299  0.290797916  0.1278945523  2.796236994  8.872e-08  1
0.6723357536  0.2829554892  0.07406939508  3.674350664  5.826e-08  1
1.04049831  0.2759805082  0.0424472197  4.853727333  6.443e-08  1
1.610262028  0.2699057142  0.0243114288  6.413494967  3.251e-08  1
2.492021151  0.2646254474  0.01395623391  8.464783993  2.534e-08  1
3.856620421  0.260042451  0.008060787638  11.13810378  2.06e-08  1
5.968456995  0.2561270816  0.004759992674  14.49428705  1.335e-08  1
9.236708572  0.2528854843  0.002970239256  18.34865704  9.575e-09  1
14.29461338  0.2503040368  0.002037080719  22.15623082  6.475e-09  1
22.12216291  0.2483256906  0.001568613904  25.24887137  3.767e-09  1
34.23597958  0.2468601036  0.001340812506  27.30963992  2.683e-09  1
52.98316906  0.2458052912  0.001232732654  28.48167653  1.753e-09  1
81.99608245  0.2450646056  0.001182336561  29.08234622  1.072e-09  1
126.8961003  0.2445553063  0.001159060158  29.37291248  8.16e-10  1
196.3828002  0.2442110898  0.001148312114  29.51005554  5.212e-10  1
303.9195382  0.2439815423  0.001143297026  29.57470784  5.569e-10  1
470.3420342  0.2438299757  0.001140905498  29.60568838  9.203e-10  1
727.8953844  0.2437306066  0.001139727684  29.62098194  1.318e-09  1
1126.481692  0.2436657766  0.001139123841  29.62883185  1.708e-09  1
1743.328822  0.243623623  0.001138800394  29.6330392  2.136e-09  1
2697.95364  0.2435962942  0.001138619689  29.63539058  2.671e-09  1
4175.318937  0.2435785654  0.001138514611  29.63675813  3.122e-09  1
6461.670787  0.2435671524  0.00113845202  29.63757281  3.519e-09  1
10000  0.2435600568  0.001138415126  29.63805306  4.032e-09  1
