# model=Ising J=1 g=0.905 h=0.809 M=9 dim=196608 q=0.1 solver=mf-L1qL1q-gpures
# theta  nu  sigma2  tau  nu_bar  accepted
0.0316227766  0.329207021  1.243334115  0.8968216313  3.683e-07  1
0.04893900918  0.3260676263  0.9911556707  1.004451716  1.753e-07  1
0.07573739176  0.3214138414  0.7439183071  1.159410894  2.009e-07  1
0.1172102298  0.3151574906  0.5233560276  1.382297062  2.125e-07  1
0.1813930694  0.3075528942  0.3451054745  1.702252872  2.998e-07  1
0.2807216204  0.2991747755  0.2144852385  2.159241884  1.468e-07  1
0.4344412299  0.2907368261  0.1271017268  2.804944513  1.113e-07  1
0.6723357536  0.2828536056  0.07300448869  3.701052266  4.736e-08  1
1.04049831  0.2758784674  0.04138691047  4.915509007  5.548e-08  1
1.610262028  0.2698858342  0.02350218615  6.522977328  4.754e-08  1
2.492021151  0.2647679811  0.01347396063  8.614942102  2.804e-08  1
3.856620421  0.2603723427  0.007829602683  11.30134513  2.025e-08  1
5.968456995  0.2565982925  0.004656660896  14.65421953  1.314e-08  1
9.236708572  0.2534113786  0.002903137869  18.55949562  7.126e-09  1
14.29461338  0.2508012721  0.001963276413  22.56884197  5.373e-09  1
22.12216291  0.2487407368  0.001477420215  26.01644674  3.398e-09  1
34.23597958  0.2471722422  0.001234824546  28.45754119  2.022e-09  1
52.98316906  0.2460167587  0.001117168203  29.91856206  1.476e-09  1
81.99608245  0.2451892567  0.0010613391  30.6953732  8.518e-10  1
126.8961003  0.2446106851  0.001035209898  31.08034222  6.034e-10  1
196.3828002  0.2442141521  0.001023037015  31.26470435  4.253e-10  1
303.9195382  0.2439467213  0.001017333207  31.35222662  3.067e-10  1
470.3420342  0.2437685808  0.00101461443  31.39420449  2.315e-10  1
727.8953844  0.2436510421  0.001013281939  31.41483978  1.789e-10  1
1126.481692  0.2435740175  0.001012604299  31.42534951  1.947e-10  1
1743.328822  0.2435237909  0.001012244865  31.43092837  2.552e-10  1
2697.95364  0.2434911101  0.001012045665  31.43402148  3.076e-10  1
4175.318937  0.2434699388  0.00101193114  31.43580019  3.783e-10  1
6461.670787  0.243456255  0.001011863177  31.43685589  4.68e-10  1
10000  0.2434476949  0.001011823103  31.43747841  6.585e-10  1
