# model=Ising J=1 g=0.905 h=0.809 M=9 dim=196608 q=0.04 solver=mf-L1qL1q-gpures
# theta  nu  sigma2  tau  nu_bar  accepted
0.0316227766  0.3291869084  1.24055424  0.8978258828  3.892e-07  1
0.04893900918  0.3260576438  0.9894506301  1.005316789  1.769e-07  1
0.07573739176  0.3213978112  0.7419027359  1.160984746  2.031e-07  1
0.1172102298  0.3151359765  0.5211720334  1.385190322  2.146e-07  1
0.1813930694  0.3075295324  0.3429140932  1.707683306  3.002e-07  1
0.2807216204  0.2991574915  0.2124331257  2.169646002  1.47e-07  1
0.4344412299  0.2907370539  0.1252788139  2.825277973  1.116e-07  1
0.6723357536  0.2828840063  0.07143400173  3.741515167  4.73e-08  1
1.04049831  0.2759503148  0.04004328344  4.997296978  3.649e-08  1
1.610262028  0.2700066627  0.0223368234  6.690973267  4.695e-08  1
2.492021151  0.2649404218  0.01243532731  8.967500088  2.891e-08  1
3.856620421  0.2605934498  0.006873913673  12.06140674  1.439e-08  1
5.968456995  0.2568598246  0.003751400483  16.32688317  9.929e-09  1
9.236708572  0.2537007379  0.002026255992  22.21533384  8.377e-09  1
14.29461338  0.2511031475  0.001101087013  30.13624791  5.222e-09  1
22.12216291  0.2490392888  0.0006222395354  40.08862856  3.252e-09  1
34.23597958  0.2474538365  0.0003828444758  51.10799075  2.094e-09  1
52.98316906  0.2462719835  0.0002667565339  61.22692763  1.21e-09  1
81.99608245  0.2454138674  0.0002119112762  68.69465812  7.961e-10  1
126.8961003  0.2448050767  0.0001865618504  73.2130635  5.315e-10  1
196.3828002  0.244381925  0.0001750542389  75.58118281  3.482e-10  1
303.9195382  0.2440929816  0.0001699004692  76.71896069  2.199e-10  1
470.3420342  0.2438985762  0.0001676109204  77.24117017  1.6e-10  1
727.8953844  0.2437693026  0.0001665953534  77.47624394  1.113e-10  1
1126.481692  0.2436840959  0.0001661421104  77.58185128  1.236e-10  1
1743.328822  0.243628293  0.0001659368109  77.62982915  1.685e-10  1
2697.95364  0.24359191  0.0001658415415  77.6521236  2.205e-10  1
4175.318937  0.243568261  0.0001657958277  77.66282811  2.779e-10  1
6461.670787  0.2435529209  0.0001657729715  77.66818186  3.353e-10  1
10000  0.2435429831  0.00016576101  77.67098413  3.862e-10  1
