# model=Ising J=1 g=0.905 h=0.809 M=11 dim=3145728 q=0.05 solver=mf-L1qL1q-gpures
# theta  nu  sigma2  tau  nu_bar  accepted
0.0316227766  0.3292035798  1.242504565  0.8971209599  6.236e-07  1
0.04893900918  0.3260588674  0.9896454594  1.005217827  1.947e-07  1
0.07573739176  0.3213995845  0.742123341  1.160812175  2.073e-07  1
0.1172102298  0.3151381339  0.5214050024  1.384880829  3.008e-07  1
0.1813930694  0.307529748  0.3430926956  1.707238767  1.639e-07  1
0.2807216204  0.2991479161  0.2124650836  2.169482822  1.375e-07  1
0.4344412299  0.2906979371  0.1250086558  2.828329201  6.926e-08  1
0.6723357536  0.2827908422  0.07079901139  3.758256379  5.286e-08  1
1.04049831  0.2758080229  0.0391884655  5.051505974  5.1e-08  1
1.610262028  0.2698811697  0.02153130439  6.81498383  2.536e-08  1
2.492021151  0.2649436393  0.01188205361  9.173905165  1.985e-08  1
3.856620421  0.2608241379  0.006615419706  12.29479519  1.261e-08  1
5.968456995  0.2573412889  0.003708002549  16.42214899  9.416e-09  1
9.236708572  0.2543694497  0.002089756925  21.87520409  5.975e-09  1
14.29461338  0.2518493627  0.001195146408  28.92607079  3.368e-09  1
22.12216291  0.2497583902  0.0007114681171  37.4905903  2.389e-09  1
34.23597958  0.2480765674  0.0004580586891  46.7239378  1.427e-09  1
52.98316906  0.2467692695  0.0003297561299  55.06853985  9.856e-10  1
81.99608245  0.2457862493  0.0002668750778  61.21332785  6.592e-10  1
126.8961003  0.2450690526  0.00023692309  64.96752257  4.249e-10  1
196.3828002  0.2445594873  0.000222985354  66.96715215  2.555e-10  1
303.9195382  0.2442055762  0.0002166113517  67.94529581  1.789e-10  1
470.3420342  0.24396438  0.0002137269982  68.40223731  1.248e-10  1
727.8953844  0.2438024683  0.0002124251056  68.611526  8.085e-11  1
1126.481692  0.2436950265  0.0002118335693  68.7072566  5.861e-11  1
1743.328822  0.2436243303  0.0002115602635  68.75162228  4.126e-11  1
2697.95364  0.2435780907  0.0002114305315  68.77271176  3.127e-11  1
4175.318937  0.2435479695  0.0002113666681  68.78310064  2.367e-11  1
6461.670787  0.2435284042  0.0002113338536  68.78844052  1.389e-11  1
10000  0.2435157253  0.0002113162192  68.79131068  2.384e-11  1
