# model=Ising J=1 g=0.905 h=0.809 M=8 dim=49152 q=0.07 solver=mf-L1qL1q-gpures
# theta  nu  sigma2  tau  nu_bar  accepted
0.0316227766  0.3291929427  1.241627201  0.8974378676  1.005e-06  1
0.04893900918  0.326066314  0.9904666742  1.004801018  7.281e-07  1
0.07573739176  0.3214042501  0.7427112737  1.160352633  4.064e-07  1
0.1172102298  0.315145511  0.5220761802  1.383990346  4.827e-07  1
0.1813930694  0.3075448598  0.3439205519  1.705182769  8.433e-08  1
0.2807216204  0.2991883028  0.2136603139  2.163406195  1.517e-07  1
0.4344412299  0.2907976915  0.1267845546  2.808450834  8.768e-08  1
0.6723357536  0.2829726417  0.0731063721  3.698472413  5.732e-08  1
1.04049831  0.2760206628  0.04161273227  4.902153249  6.423e-08  1
1.610262028  0.2699718165  0.02357467262  6.512941312  3.247e-08  1
2.492021151  0.2647171987  0.01328642867  8.675527082  2.538e-08  1
3.856620421  0.2601564936  0.007433243056  11.59874053  2.1e-08  1
5.968456995  0.2562575419  0.004157230175  15.50950598  1.419e-08  1
9.236708572  0.2530247463  0.002380947879  20.49392091  8.894e-09  1
14.29461338  0.250443654  0.001454541157  26.22025994  5.137e-09  1
22.12216291  0.2484578338  0.0009892601667  31.79396845  3.951e-09  1
34.23597958  0.2469788064  0.0007629844043  36.20280071  2.417e-09  1
52.98316906  0.2459072581  0.0006557759064  39.05011092  1.753e-09  1
81.99608245  0.2451493426  0.0006060194557  40.62157111  1.147e-09  1
126.8961003  0.2446243863  0.0005832751043  41.40600021  6.732e-10  1
196.3828002  0.2442672055  0.0005729682214  41.7767578  4.5e-10  1
303.9195382  0.244027664  0.0005683009734  41.94795564  6.064e-10  1
470.3420342  0.2438687964  0.0005661692985  42.02685023  1.067e-09  1
727.8953844  0.2437642956  0.0005651772133  42.06372003  1.611e-09  1
1126.481692  0.2436959567  0.0005647018717  42.08142001  2.216e-09  1
1743.328822  0.2436514456  0.0005644653042  42.09023725  2.84e-09  1
2697.95364  0.2436225343  0.0005643423113  42.09482358  3.433e-09  1
4175.318937  0.2436037908  0.0005642754227  42.09731845  3.94e-09  1
6461.670787  0.2435916537  0.0005642374861  42.09873363  4.332e-09  1
10000  0.2435839708  0.0005642156706  42.0995475  4.907e-09  1
