# model=Ising J=1 g=0.905 h=0.809 M=11 dim=3145728 q=0.04 solver=mf-L1qL1q-gpures
# theta  nu  sigma2  tau  nu_bar  accepted
0.0316227766  0.3292054319  1.242425951  0.897149342  2.459e-07  1
0.04893900918  0.3260574268  0.989434814  1.005324824  1.576e-07  1
0.07573739176  0.3213977903  0.7419021008  1.160985243  1.739e-07  1
0.1172102298  0.3151357945  0.5211680814  1.385195574  2.589e-07  1
0.1813930694  0.3075272777  0.3428574676  1.707824319  1.375e-07  1
0.2807216204  0.299146094  0.2122447655  2.170608533  1.166e-07  1
0.4344412299  0.2906979579  0.1248140979  2.830532716  1.197e-07  1
0.6723357536  0.2827941386  0.07063138947  3.76271327  8.108e-08  1
1.04049831  0.2758163159  0.03904713072  5.060639918  4.287e-08  1
1.610262028  0.2698953973  0.02141118496  6.834073549  3.507e-08  1
2.492021151  0.2649649291  0.01177819709  9.214262731  1.68e-08  1
3.856620421  0.2608528305  0.006523029886  12.38155855  1.44e-08  1
5.968456995  0.2573770989  0.003623059487  16.6135433  8.05e-09  1
9.236708572  0.2544114031  0.002009368156  22.30849345  5.181e-09  1
14.29461338  0.2518957576  0.001117292903  29.91689244  3.579e-09  1
22.12216291  0.2498070648  0.0006348884933  39.68727423  2.192e-09  1
34.23597958  0.2481251817  0.0003820474676  51.16127244  1.496e-09  1
52.98316906  0.2468156351  0.0002539589188  62.75065527  9.193e-10  1
81.99608245  0.2458286325  0.0001911438603  72.33022625  6.478e-10  1
126.8961003  0.2451063456  0.0001612106079  78.75954384  3.774e-10  1
196.3828002  0.2445912935  0.0001472859518  82.39850596  2.541e-10  1
303.9195382  0.2442321461  0.0001409305226  84.2359482  1.762e-10  1
470.3420342  0.2439864179  0.0001380687999  85.1044413  1.121e-10  1
727.8953844  0.2438208821  0.0001367893589  85.50152147  8.014e-11  1
1126.481692  0.2437107183  0.000136217101  85.68093228  5.332e-11  1
1743.328822  0.2436380705  0.0001359588234  85.76227665  3.494e-11  1
2697.95364  0.243590477  0.0001358400735  85.79975468  2.581e-11  1
4175.318937  0.2435594398  0.000135783904  85.81749915  1.93e-11  1
6461.670787  0.2435392628  0.0001357563274  85.82621491  8.952e-12  1
10000  0.2435261747  0.0001357421867  85.83068517  1.273e-11  1
