# model=Ising J=1 g=0.905 h=0.809 M=8 dim=49152 q=0.04 solver=mf-L1qL1q-gpures
# theta  nu  sigma2  tau  nu_bar  accepted
0.0316227766  0.3292286909  1.244892725  0.8962600437  7.051e-07  1
0.04893900918  0.3260573282  0.9894566331  1.005313739  6.76e-07  1
0.07573739176  0.3213978354  0.7419136827  1.160976181  4.072e-07  1
0.1172102298  0.3151370457  0.5212171332  1.385130392  4.813e-07  1
0.1813930694  0.3075356581  0.3430583809  1.707324149  8.557e-08  1
0.2807216204  0.2991814458  0.2128522197  2.167508994  1.502e-07  1
0.4344412299  0.2907975216  0.1260645397  2.816459619  8.799e-08  1
0.6723357536  0.2829837217  0.07248147323  3.714381384  5.707e-08  1
1.04049831  0.2760466228  0.0410709407  4.934380945  6.316e-08  1
1.610262028  0.2700145312  0.02309596144  6.580092172  3.272e-08  1
2.492021151  0.2647763928  0.01285076341  8.821359796  2.524e-08  1
3.856620421  0.2602298228  0.007024525502  11.93140268  2.104e-08  1
5.968456995  0.2563408849  0.003764033965  16.29946063  1.45e-08  1
9.236708572  0.2531126098  0.001995854047  22.38389245  9.488e-09  1
14.29461338  0.2505297352  0.001073141421  30.52611394  5.573e-09  1
22.12216291  0.2485358683  0.000609234939  40.51423092  3.367e-09  1
34.23597958  0.2470435717  0.0003833288745  51.0756889  2.22e-09  1
52.98316906  0.2459553586  0.000276181785  60.17311356  1.362e-09  1
81.99608245  0.2451796391  0.0002264784445  66.44871138  9.99e-10  1
126.8961003  0.2446378017  0.000203851219  70.03954943  6.117e-10  1
196.3828002  0.2442660938  0.0001937050453  71.85045683  4.174e-10  1
303.9195382  0.2440149971  0.0001892035354  72.70016163  6.422e-10  1
470.3420342  0.2438474857  0.0001872163496  73.08497682  1.185e-09  1
727.8953844  0.2437368083  0.0001863376413  73.25709674  1.929e-09  1
1126.481692  0.2436641979  0.0001859454221  73.33431753  2.874e-09  1
1743.328822  0.2436167993  0.000185767162  73.36949448  4.051e-09  1
2697.95364  0.2435859646  0.0001856839033  73.38594171  5.409e-09  1
4175.318937  0.2435659519  0.000185643586  73.39391009  6.944e-09  1
6461.670787  0.2435529836  0.0001856232066  73.39793891  8.426e-09  1
10000  0.2435445882  0.0001856124173  73.40007212  9.676e-09  1
