# model=Ising J=1 g=0.905 h=0.809 M=8 dim=49152 q=0 solver=mf-L1qL1q-gpures
# theta  nu  sigma2  tau  nu_bar  accepted
0.0316227766  0.3291634313  1.238159906  0.8986935644  3.763e-07  1
0.03712105009  0.328239803  1.152905514  0.9313290332  5.235e-07  1
0.0435753121  0.3270334923  1.057050576  0.9726399784  6.278e-07  1
0.05115178099  0.3256554383  0.9634121269  1.018811751  6.813e-07  1
0.06004557564  0.3240731164  0.8710987681  1.071436162  1.688e-07  1
0.07048574036  0.3222736314  0.7809750967  1.131569954  2.69e-07  1
0.08274114357  0.3202532578  0.6940367345  1.200352417  4.096e-07  1
0.09712740198  0.3180164415  0.6113115302  1.278994587  6.005e-07  1
0.1140150089  0.315573393  0.5336109521  1.368950147  2.266e-07  1
0.1338388753  0.3129455123  0.4617638329  1.471600894  4.222e-07  1
0.1571095308  0.310149817  0.3960103001  1.589083649  1.396e-07  1
0.1844262709  0.3072238304  0.3368380767  1.723016398  2.234e-07  1
0.2164925909  0.3041979463  0.284209213  1.87577578  3.061e-07  1
0.2541343037  0.3011097164  0.2380112372  2.049751765  1.582e-07  1
0.2983208064  0.2979974034  0.1979848368  2.247418932  2.189e-07  1
0.3501900461  0.2948952462  0.1636844914  2.471702707  1.184e-07  1
0.4110778256  0.2918373498  0.1346296224  2.725396451  1.656e-07  1
0.4825522043  0.2888503804  0.1102433982  3.011783185  1.034e-07  1
0.5664538814  0.2859580838  0.08996395541  3.334001026  1.37e-07  1
0.6649435997  0.2831759036  0.0732136761  3.695761128  1.031e-07  1
0.7805577917  0.2805150092  0.05946379974  4.100847992  8.052e-08  1
0.9162739012  0.277979876  0.04822393249  4.553744804  5.521e-08  1
1.075587062  0.2755704744  0.03906193368  5.059680934  7.836e-08  1
1.26260011  0.2732836392  0.03160548067  5.624951733  5.246e-08  1
1.482129242  0.2711137292  0.02554107075  6.257205955  3.515e-08  1
1.739828053  0.2690541401  0.02060896754  6.965814138  4.754e-08  1
2.04233313  0.2670980019  0.01659603902  7.762431422  3.746e-08  1
2.397434968  0.2652395382  0.0133310843  8.660984524  2.984e-08  1
2.814278602  0.2634742167  0.01067594628  9.678249416  2.857e-08  1
3.30359912  0.261798955  0.00851935816  10.83419285  2.551e-08  1
3.877998127  0.2602121191  0.006771453623  12.15231577  2.436e-08  1
4.552268276  0.2587131707  0.005359031293  13.66019357  1.568e-08  1
5.34377423  0.2573024537  0.004222280675  15.38956875  1.408e-08  1
6.272899858  0.2559803529  0.003311458355  17.3776222  1.285e-08  1
7.363573186  0.2547471204  0.002585283847  19.66735168  1.19e-08  1
8.643882621  0.2536024812  0.002009336091  22.30867145  7.997e-09  1
10.14680032  0.2525455213  0.001555014987  25.35903426  7.861e-09  1
11.91103133  0.2515743739  0.001198496558  28.88561406  7.581e-09  1
13.98201038  0.25068637  0.0009201378123  32.96655463  6.098e-09  1
16.41307195  0.2498780985  0.0007038430582  37.69311975  5.072e-09  1
19.26682384  0.2491455737  0.0005365339734  43.17192229  4.311e-09  1
22.61675949  0.2484843693  0.0004076668029  49.52760488  3.907e-09  1
26.54915071  0.2478897758  0.0003087982483  56.90659311  3.469e-09  1
31.16526945  0.2473569257  0.0002332165941  65.48174974  2.42e-09  1
36.58399586  0.2468809874  0.000175637711  75.45553727  2.215e-09  1
42.94487989  0.2464572077  0.0001319161487  87.06648631  1.827e-09  1
50.41173511  0.2460809951  9.88202657e-05  100.5951381  1.802e-09  1
59.17685748  0.245747957  7.38407749e-05  116.3729054  1.536e-09  1
69.46597759  0.2454539564  5.504144158e-05  134.7892014  1.178e-09  1
81.54407395  0.2451951169  4.093299148e-05  156.3015402  9.917e-10  1
95.72219707  0.2449678247  3.037320834e-05  181.4490361  8.3e-10  1
112.36548  0.2447687373  2.248986173e-05  210.8660231  6.585e-10  1
131.9025418  0.2445947788  1.661927198e-05  245.2979972  5.077e-10  1
154.8365257  0.2444431307  1.225796781e-05  285.621412  4.356e-10  1
181.7580568  0.2443112299  9.025385357e-06  332.8642263  4.718e-10  1
213.3604527  0.2441967437  6.634457084e-06  388.2373424  3.743e-10  1
250.4575784  0.2440975702  4.869648802e-06  453.1595944  3.167e-10  1
294.0048064  0.2440118196  3.569440784e-06  529.297581  2.916e-10  1
345.1236204  0.2439378016  2.613177764e-06  618.607987  2.492e-10  1
405.1304969  0.2438740101  1.910988957e-06  723.3873522  2.223e-10  1
475.5708096  0.2438191094  1.396107263e-06  846.3316975  2.362e-10  1
558.2586269  0.2437719208  1.01905823e-06  990.6049631  2.674e-10  1
655.3234307  0.2437314075  7.432635771e-07  1159.921436  3.116e-10  1
769.2649575  0.2436966604  5.417407628e-07  1358.639518  3.626e-10  1
903.0175743  0.2436668856  3.946213174e-07  1591.87781  4.228e-10  1
1060.025849  0.243641392  2.873060628e-07  1865.638969  4.897e-10  1
1244.333258  0.2436195787  2.090794631e-07  2186.977484  5.649e-10  1
1460.68632  0.2436009262  1.520926635e-07  2564.164406  6.575e-10  1
1714.656836  0.2435849848  1.106009823e-07  3006.910544  7.554e-10  1
2012.785376  0.2435713664  8.04045431e-08  3526.628442  8.724e-10  1
2362.749726  0.2435597373  5.843777452e-08  4136.691804  1.006e-09  1
2773.562614  0.2435498105  4.246335504e-08  4852.80508  1.161e-09  1
3255.803816  0.2435413389  3.084971258e-08  5693.435945  1.346e-09  1
3821.892621  0.2435341114  2.240900511e-08  6680.188419  1.545e-09  1
4486.407667  0.2435279463  1.627535306e-08  7838.532996  1.778e-09  1
5266.462393  0.2435226888  1.181934203e-08  9198.210617  2.061e-09  1
6182.145761  0.2435182056  8.582362017e-09  10794.35222  2.379e-09  1
7257.039612  0.2435143836  6.231486773e-09  12667.88643  2.733e-09  1
8518.825983  0.2435111253  4.524211058e-09  14867.17904  3.153e-09  1
10000  0.243508348  3.284493708e-09  17448.80876  3.671e-09  1
