# model=Ising J=1 g=0.905 h=0.809 M=8 dim=49152 q=0.002 solver=mf-L1qL1q-gpures
# theta  nu  sigma2  tau  nu_bar  accepted
0.0316227766  0.3292229222  1.244143006  0.8965300455  7.731e-07  1
0.05455594781  0.3250463998  0.9261727582  1.039091994  1.491e-07  1
0.09412049673  0.3184714381  0.6271336184  1.262757506  2.8e-07  1
0.1623776739  0.3095576055  0.3832974077  1.615221397  7.229e-08  1
0.2801356761  0.2992183919  0.2129709862  2.166904538  2.363e-07  1
0.4832930239  0.2888223043  0.1100313723  3.014683578  6.365e-08  1
0.8337822235  0.2794572684  0.05456530605  4.280965247  9.089e-08  1
1.438449888  0.2715102856  0.02658092093  6.133593475  3.489e-08  1
2.481628923  0.2648516364  0.01271249284  8.869203902  2.239e-08  1
4.281332399  0.2592762386  0.005864405235  13.05834125  1.889e-08  1
7.386199822  0.2547241765  0.002573361842  19.712857  1.042e-08  1
12.74274986  0.2511903682  0.001073211896  30.52511164  6.594e-09  1
21.98392649  0.2485962752  0.0004285302285  48.30691117  3.426e-09  1
37.92690191  0.2467812336  0.0001651887601  77.80540242  1.744e-09  1
65.4318913  0.2455593422  6.190398321e-05  127.0985812  1.352e-09  1
112.8837892  0.2447634196  2.276272064e-05  209.5983772  7.083e-10  1
194.748304  0.2442599651  8.373124671e-06  345.5860642  4.593e-10  1
335.9818286  0.2439495102  3.219793795e-06  557.2960572  1.191e-09  1
579.6393953  0.2437619392  1.412544807e-06  841.3929787  2.511e-09  1
1000  0.2436502975  7.884176322e-07  1126.21637  4.615e-09  1
