# model=Ising J=1 g=0.905 h=0.809 M=8 dim=49152 q=0.02 solver=mf-L1qL1q-gpures
# theta  nu  sigma2  tau  nu_bar  accepted
0.0316227766  0.3292088552  1.242641079  0.8970716806  1.726e-07  1
0.04893900918  0.3260563888  0.9892436237  1.005421968  6.443e-07  1
0.07573739176  0.3213955971  0.7416274668  1.161200187  3.936e-07  1
0.1172102298  0.3151339569  0.5209042428  1.385546331  4.82e-07  1
0.1813930694  0.3075323062  0.3427444999  1.708105743  8.447e-08  1
0.2807216204  0.2991789465  0.2125580091  2.169008546  1.494e-07  1
0.4344412299  0.290797455  0.1258023683  2.819392833  8.797e-08  1
0.6723357536  0.282987747  0.07225389205  3.720226457  5.67e-08  1
1.04049831  0.2760560582  0.0408735675  4.946280342  6.315e-08  1
1.610262028  0.2700300521  0.02292149492  6.605086823  3.318e-08  1
2.492021151  0.2647978824  0.01269189458  8.876398101  2.528e-08  1
3.856620421  0.2602563937  0.006875375567  12.06012438  2.124e-08  1
5.968456995  0.2563709723  0.003620423761  16.61958966  1.475e-08  1
9.236708572  0.2531441016  0.001855064739  23.21776787  9.673e-09  1
14.29461338  0.2505601587  0.0009335564829  32.72877123  5.685e-09  1
22.12216291  0.2485626986  0.0004700108611  46.12602745  3.476e-09  1
34.23597958  0.2470646106  0.0002441112235  64.00385406  2.281e-09  1
52.98316906  0.2459690962  0.0001368838767  85.47199714  1.39e-09  1
81.99608245  0.2451854738  8.712733484e-05  107.1328813  1.036e-09  1
126.8961003  0.2446360373  6.449869551e-05  124.5158204  6.386e-10  1
196.3828002  0.2442577092  5.438853594e-05  135.5958244  4.321e-10  1
303.9195382  0.2440012954  4.993827296e-05  141.5087324  6.677e-10  1
470.3420342  0.2438297781  4.800150662e-05  144.3353021  1.26e-09  1
727.8953844  0.2437162239  4.7164777e-05  145.6099683  2.11e-09  1
1126.481692  0.2436416172  4.68043594e-05  146.1695289  3.255e-09  1
1743.328822  0.2435928661  4.664884126e-05  146.4129765  4.868e-09  1
2697.95364  0.2435611298  4.658126559e-05  146.519139  7.136e-09  1
4175.318937  0.2435405223  4.655151586e-05  146.5659496  1.007e-08  1
6461.670787  0.2435271638  4.653815057e-05  146.5869943  1.387e-08  1
10000  0.243518514  4.653197344e-05  146.5967237  1.842e-08  1
