# model=Ising J=1 g=0.905 h=0.809 M=9 dim=196608 q=0.08 solver=mf-L1qL1q-gpures
# theta  nu  sigma2  tau  nu_bar  accepted
0.0316227766  0.3292029523  1.242592632  0.8970891683  1.594e-07  1
0.04893900918  0.3260635953  0.9904419291  1.004813569  1.758e-07  1
0.07573739176  0.3214069876  0.7430557565  1.16008363  2.023e-07  1
0.1172102298  0.3151482854  0.5224211634  1.383533308  2.142e-07  1
0.1813930694  0.3075428991  0.3441674679  1.704570985  2.999e-07  1
0.2807216204  0.299167386  0.2136069063  2.163676633  1.474e-07  1
0.4344412299  0.2907369377  0.1263215819  2.813592659  1.123e-07  1
0.6723357536  0.2828666425  0.07233250521  3.718204281  4.769e-08  1
1.04049831  0.2759093023  0.04081224165  4.949995171  3.687e-08  1
1.610262028  0.2699376635  0.02300401126  6.593229821  4.745e-08  1
2.492021151  0.2648419747  0.01303021949  8.76040399  2.846e-08  1
3.856620421  0.2604673617  0.007421631756  11.60781022  1.422e-08  1
5.968456995  0.2567109982  0.004270630666  15.30220419  9.607e-09  1
9.236708572  0.25353669  0.002529649221  19.88244769  7.645e-09  1
14.29461338  0.250933197  0.001596514357  25.02727616  5.26e-09  1
22.12216291  0.2488733133  0.001114115341  29.95952495  3.255e-09  1
34.23597958  0.2473007003  0.0008733332094  33.83841501  2.164e-09  1
52.98316906  0.2461382854  0.0007567419032  36.35181576  1.471e-09  1
81.99608245  0.2453030976  0.0007016483524  37.75202441  8.008e-10  1
126.8961003  0.2447175723  0.0006760772119  38.45934213  5.327e-10  1
196.3828002  0.2443155549  0.0006643317156  38.79783635  3.777e-10  1
303.9195382  0.2440441804  0.0006589447488  38.95610245  2.763e-10  1
470.3420342  0.2438633846  0.0006564521167  39.02999301  2.013e-10  1
727.8953844  0.2437440952  0.0006552755187  39.06501798  1.478e-10  1
1126.481692  0.2436659267  0.000654702884  39.08209832  1.134e-10  1
1743.328822  0.243614945  0.0006544130688  39.09075137  1.272e-10  1
2697.95364  0.243581803  0.0006542598213  39.09532922  1.533e-10  1
4175.318937  0.2435603333  0.0006541752654  39.09785579  2.008e-10  1
6461.670787  0.243546395  0.0006541265411  39.09931191  2.525e-10  1
10000  0.2435374263  0.0006540977556  39.10017224  3.192e-10  1
