# model=Ising J=1 g=0.905 h=0.809 M=11 dim=3145728 q=0.008 solver=mf-L1qL1q-gpures
# theta  nu  sigma2  tau  nu_bar  accepted
0.0316227766  0.3292034679  1.242078921  0.8972746627  2.501e-07  1
0.04893900918  0.3260563786  0.9891767798  1.005455938  1.9e-07  1
0.07573739176  0.3213949082  0.7415367328  1.161271227  2.021e-07  1
0.1172102298  0.3151318722  0.5207699585  1.385724956  2.967e-07  1
0.1813930694  0.3075229539  0.3424557183  1.708825786  1.602e-07  1
0.2807216204  0.2991428998  0.2118687565  2.172533796  1.36e-07  1
0.4344412299  0.2906980939  0.1244797795  2.834331183  6.817e-08  1
0.6723357536  0.2828001125  0.07034575741  3.770344596  5.177e-08  1
1.04049831  0.2758303269  0.03880543553  5.076375261  4.994e-08  1
1.610262028  0.2699199047  0.02120617406  6.86702833  2.468e-08  1
2.492021151  0.2650012792  0.01160076221  9.284461884  1.954e-08  1
3.856620421  0.2609017522  0.006364958247  12.53436163  1.249e-08  1
5.968456995  0.25743812  0.003477706663  16.95717594  9.43e-09  1
9.236708572  0.254482727  0.001871668667  23.11455384  4.911e-09  1
14.29461338  0.2519744016  0.0009838217501  31.88172344  3.539e-09  1
22.12216291  0.2498891013  0.0005034829314  44.56640719  2.313e-09  1
34.23597958  0.2482062691  0.0002514901026  63.0579069  1.454e-09  1
52.98316906  0.2468915897  0.0001236512517  89.92920237  9.593e-10  1
81.99608245  0.2458959001  6.084074312e-05  128.2043452  6.111e-10  1
126.8961003  0.2451624511  3.085011677e-05  180.0410736  3.93e-10  1
196.3828002  0.2446351081  1.688131158e-05  243.3867363  2.6e-10  1
303.9195382  0.2442639481  1.051451424e-05  308.393626  1.575e-10  1
470.3420342  0.2440075972  7.667277856e-06  361.1431643  1.072e-10  1
727.8953844  0.2438334221  6.414613843e-06  394.8341798  7.017e-11  1
1126.481692  0.2437166849  5.870781642e-06  412.7166942  4.758e-11  1
1743.328822  0.2436392823  5.637042137e-06  421.1864193  2.9e-11  1
2697.95364  0.2435883722  5.537260618e-06  424.9643684  1.855e-11  1
4175.318937  0.2435550799  5.494822244e-06  426.6022839  1.314e-11  1
6461.670787  0.2435333957  5.47678619e-06  427.304146  8.015e-12  1
10000  0.2435193106  5.469103342e-06  427.6041733  3.478e-12  1
