# model=Ising J=1 g=0.905 h=0.809 M=10 dim=786432 q=0.1 solver=mf-L1qL1q-gpures
# theta  nu  sigma2  tau  nu_bar  accepted
0.0316227766  0.3291579877  1.238618126  0.8985273157  6.534e-07  1
0.04893900918  0.3260700226  0.9913356038  1.004360555  5.012e-07  1
0.07573739176  0.3214140994  0.7439469873  1.159388545  5.742e-07  1
0.1172102298  0.3151570638  0.523339317  1.38231913  1.225e-07  1
0.1813930694  0.3075512547  0.3450646604  1.70235354  2.203e-07  1
0.2807216204  0.2991662411  0.2143433736  2.159956322  1.489e-07  1
0.4344412299  0.2907093703  0.1267704149  2.808607454  1.317e-07  1
0.6723357536  0.2827940033  0.07245900977  3.714957098  7.721e-08  1
1.04049831  0.2757962858  0.0407426508  4.95422081  3.126e-08  1
1.610262028  0.2698247081  0.02292296288  6.604875329  2.584e-08  1
2.492021151  0.2647920035  0.01306488259  8.748774938  1.961e-08  1
3.856620421  0.2605274203  0.007593724108  11.47552577  1.277e-08  1
5.968456995  0.2568813229  0.004533680504  14.85164447  1.09e-08  1
9.236708572  0.2537732178  0.002827801931  18.80509391  5.95e-09  1
14.29461338  0.2511753728  0.001895241293  22.970357  3.996e-09  1
22.12216291  0.249071352  0.001400911843  26.71742486  2.991e-09  1
34.23597958  0.2474274938  0.001147730176  29.51753588  1.826e-09  1
52.98316906  0.2461873834  0.001022120629  31.27871646  1.144e-09  1
81.99608245  0.2452805482  0.00096137131  32.25183441  7.661e-10  1
126.8961003  0.2446345482  0.0009324864803  32.74754353  5.122e-10  1
196.3828002  0.2441839466  0.0009188500006  32.98964864  3.796e-10  1
303.9195382  0.2438753034  0.0009124006172  33.10603843  2.399e-10  1
470.3420342  0.2436669775  0.0009093108981  33.16223572  1.748e-10  1
727.8953844  0.243528011  0.0009077952469  33.18990794  1.361e-10  1
1126.481692  0.2434361728  0.000907026758  33.20396523  1.041e-10  1
1743.328822  0.2433759033  0.000906621381  33.21138763  9.332e-11  1
2697.95364  0.2433365408  0.0009063984057  33.2154724  7.067e-11  1
4175.318937  0.2433110243  0.0009062713722  33.21780025  6.116e-11  1
6461.670787  0.2432944333  0.0009061961136  33.21917958  1.209e-10  1
10000  0.2432844105  0.0009061535133  33.21996042  2.208e-10  1
