# model=Ising J=1 g=0.905 h=0.809 M=10 dim=786432 q=0.08 solver=mf-L1qL1q-gpures
# theta  nu  sigma2  tau  nu_bar  accepted
0.0316227766  0.329179827  1.240322946  0.8979095919  2.59e-07  1
0.04893900918  0.3260646636  0.9905321374  1.004767814  4.727e-07  1
0.07573739176  0.3214071904  0.7430820141  1.160063133  5.709e-07  1
0.1172102298  0.3151478527  0.5224042544  1.383555699  1.228e-07  1
0.1813930694  0.3075412613  0.3441266676  1.704672031  2.206e-07  1
0.2807216204  0.2991588697  0.2134653202  2.16439407  1.491e-07  1
0.4344412299  0.2907095959  0.1259915239  2.81727561  1.319e-07  1
0.6723357536  0.2828075026  0.07179061884  3.732210682  7.741e-08  1
1.04049831  0.2758284645  0.04017560192  4.989060884  3.121e-08  1
1.610262028  0.2698798703  0.0224379403  6.67587976  2.576e-08  1
2.492021151  0.2648726938  0.01264040139  8.894459616  1.975e-08  1
3.856620421  0.2606339541  0.007210652566  11.77640451  1.293e-08  1
5.968456995  0.2570116174  0.004177059271  15.47264927  8.62e-09  1
9.236708572  0.2539229687  0.002487037989  20.05205053  6.346e-09  1
14.29461338  0.2513387412  0.00156341348  25.29082951  3.788e-09  1
22.12216291  0.249242029  0.001073918732  30.51506442  2.931e-09  1
34.23597958  0.2476000058  0.0008233633221  34.85011709  1.752e-09  1
52.98316906  0.2463582007  0.0006993057051  37.81520546  1.224e-09  1
81.99608245  0.2454484904  0.0006396014738  39.54078364  7.931e-10  1
126.8961003  0.2448003732  0.0006114922119  40.43938432  5.406e-10  1
196.3828002  0.2443494464  0.0005984468082  40.87777251  3.579e-10  1
303.9195382  0.2440417942  0.000592425471  41.08498557  2.436e-10  1
470.3420342  0.2438351375  0.0005896332421  41.18215037  1.619e-10  1
727.8953844  0.2436979527  0.0005883177729  41.22816598  1.132e-10  1
1126.481692  0.2436076649  0.0005876811016  41.25049244  8.128e-11  1
1743.328822  0.2435486022  0.0005873615329  41.26171259  7.221e-11  1
2697.95364  0.2435101224  0.0005871941538  41.26759298  5.394e-11  1
4175.318937  0.2434851314  0.000587102586  41.27081102  4.642e-11  1
6461.670787  0.243468944  0.0005870504476  41.27264369  7.443e-11  1
10000  0.2434584953  0.0005870197816  41.27372172  1.338e-10  1
