# model=Ising J=1 g=0.905 h=0.809 M=9 dim=196608 q=0.008 solver=mf-L1qL1q-gpures
# theta  nu  sigma2  tau  nu_bar  accepted
0.0316227766  0.32916871  1.238734015  0.8984852842  4.539e-07  1
0.05455594781  0.3250469199  0.9262286804  1.039060625  4.422e-07  1
0.09412049673  0.3184709045  0.6271188788  1.262772346  1.659e-07  1
0.1623776739  0.3095537513  0.3832115226  1.615402387  2.957e-07  1
0.2801356761  0.2991949452  0.2125716387  2.168939009  2.291e-07  1
0.4832930239  0.2887506175  0.1091724097  3.026520026  1.113e-07  1
0.8337822235  0.2793507276  0.05350342276  4.32323872  7.809e-08  1
1.438449888  0.271471557  0.0257546522  6.231206664  5.195e-08  1
2.481628923  0.2650166393  0.01231417405  9.011505586  2.782e-08  1
4.281332399  0.2596888051  0.00578066475  13.15258474  1.508e-08  1
7.386199822  0.2552969054  0.002614726487  19.55630792  9.197e-09  1
12.74274986  0.2517862519  0.001129445901  29.75550212  5.3e-09  1
21.98392649  0.249115718  0.0004677730713  46.23622746  3.436e-09  1
37.92690191  0.2471858562  0.0001884232423  72.85053806  1.933e-09  1
65.4318913  0.2458519182  7.584779475e-05  114.8229025  9.378e-10  1
112.8837892  0.2449637998  3.221504645e-05  176.1856849  6.287e-10  1
194.748304  0.2443914049  1.585914473e-05  251.1077512  3.446e-10  1
335.9818286  0.2440328593  9.903480395e-06  317.765012  1.95e-10  1
579.6393953  0.2438135653  7.786270078e-06  358.3729883  1.278e-10  1
1000  0.2436818897  7.047094644e-06  376.6994168  1.986e-10  1
