# model=Ising J=1 g=0.905 h=0.809 M=11 dim=3145728 q=0.07 solver=mf-L1qL1q-gpures
# theta  nu  sigma2  tau  nu_bar  accepted
0.0316227766  0.3292003599  1.242213571  0.8972260312  2.204e-07  1
0.04893900918  0.326061709  0.9901307  1.004971479  1.87e-07  1
0.07573739176  0.3214041367  0.7426982725  1.160362789  2.059e-07  1
0.1172102298  0.3151442865  0.5220295993  1.384052091  3.019e-07  1
0.1813930694  0.3075364305  0.3437194403  1.705681551  1.638e-07  1
0.2807216204  0.2991528483  0.2130518154  2.16649345  1.374e-07  1
0.4344412299  0.2906977755  0.125528979  2.822461339  6.95e-08  1
0.6723357536  0.2827817048  0.07124483635  3.746479007  5.307e-08  1
1.04049831  0.2757860512  0.03956509956  5.027404951  5.102e-08  1
1.610262028  0.2698429967  0.02185081741  6.764974376  2.548e-08  1
2.492021151  0.2648868039  0.01215826382  9.069100585  2.001e-08  1
3.856620421  0.2607475332  0.006861104589  12.07266029  1.249e-08  1
5.968456995  0.2572455428  0.003933616687  15.94424581  9.213e-09  1
9.236708572  0.2542570722  0.002303085541  20.83746894  5.702e-09  1
14.29461338  0.2517245485  0.001401513653  26.71168801  3.75e-09  1
22.12216291  0.2496264818  0.0009142026356  33.07339407  2.403e-09  1
34.23597958  0.2479431572  0.0006590416578  38.95323819  1.48e-09  1
52.98316906  0.2466392472  0.0005299292254  43.44012481  1.043e-09  1
81.99608245  0.2456631208  0.0004666542652  46.29162008  6.604e-10  1
126.8961003  0.2449546307  0.0004364702185  47.86551015  4.414e-10  1
196.3828002  0.2444540087  0.0004223606037  48.65845319  2.946e-10  1
303.9195382  0.2441081473  0.0004158459068  49.03811688  1.969e-10  1
470.3420342  0.2438735377  0.0004128473908  49.21587694  1.321e-10  1
727.8953844  0.2437166413  0.0004114571393  49.29895333  8.833e-11  1
1126.481692  0.24361283  0.0004108005741  49.33833382  6.626e-11  1
1743.328822  0.2435446642  0.0004104812749  49.35751938  5.119e-11  1
2697.95364  0.2435001431  0.0004103199557  49.367221  3.872e-11  1
4175.318937  0.2434711716  0.0004102348452  49.37234178  3.273e-11  1
6461.670787  0.2434523757  0.0004101879579  49.37516351  3.223e-11  1
10000  0.2434402128  0.0004101610988  49.37678013  6.27e-11  1
