# model=Ising J=1 g=0.905 h=0.809 M=10 dim=786432 q=0.04 solver=mf-L1qL1q-gpures
# theta  nu  sigma2  tau  nu_bar  accepted
0.0316227766  0.329221211  1.244071202  0.8965559176  4.765e-07  1
0.04893900918  0.3260578482  0.9894863675  1.005298634  5.096e-07  1
0.07573739176  0.3213980497  0.741930389  1.16096311  5.694e-07  1
0.1172102298  0.3151355489  0.5211552269  1.385212657  1.213e-07  1
0.1813930694  0.3075278968  0.3428732841  1.707784928  2.19e-07  1
0.2807216204  0.2991490017  0.2122919183  2.170367459  1.474e-07  1
0.4344412299  0.2907098658  0.1249504261  2.828988156  1.309e-07  1
0.6723357536  0.2828254859  0.07089691235  3.75566061  7.671e-08  1
1.04049831  0.275871355  0.03941693278  5.036845002  3.062e-08  1
1.610262028  0.2699533653  0.02178840447  6.774656592  2.53e-08  1
2.492021151  0.2649801005  0.01207122429  9.101738218  1.974e-08  1
3.856620421  0.2607754879  0.006696161162  12.22044586  1.303e-08  1
5.968456995  0.2571840649  0.003697140679  16.4462547  8.932e-09  1
9.236708572  0.2541198551  0.002027389729  22.20912145  6.868e-09  1
14.29461338  0.2515509748  0.001114686212  29.9518523  4.389e-09  1
22.12216291  0.2494591716  0.000630548538  39.8236203  2.803e-09  1
34.23597958  0.2478119241  0.0003823964986  51.13791847  1.651e-09  1
52.98316906  0.2465567024  0.0002593750516  62.09203588  1.18e-09  1
81.99608245  0.2456283126  0.0002001699463  70.68065471  7.152e-10  1
126.8961003  0.2449595304  0.0001723928289  76.16236158  4.855e-10  1
196.3828002  0.2444887506  0.0001596305785  79.14836651  2.825e-10  1
303.9195382  0.2441639187  0.0001538616419  80.61851957  2.088e-10  1
470.3420342  0.2439435386  0.000151282065  81.30294516  1.374e-10  1
727.8953844  0.2437960493  0.0001501336989  81.61329417  9.084e-11  1
1126.481692  0.2436983754  0.0001496208557  81.75304413  6.036e-11  1
1743.328822  0.2436341914  0.0001493891065  81.81643183  4.356e-11  1
2697.95364  0.2435922463  0.0001492821298  81.8457417  3.017e-11  1
4175.318937  0.243564939  0.0001492312026  81.859706  2.35e-11  1
6461.670787  0.2435472072  0.0001492059891  81.86662223  1.617e-11  1
10000  0.2435357138  0.0001491929369  81.87020323  2.303e-11  1
