# model=Ising J=1 g=0.905 h=0.809 M=11 dim=3145728 q=0.09 solver=mf-L1qL1q-gpures
# theta  nu  sigma2  tau  nu_bar  accepted
0.0316227766  0.3291773348  1.240343609  0.8979021127  5.315e-07  1
0.04893900918  0.3260665612  0.9908511384  1.00460606  1.943e-07  1
0.07573739176  0.3214102812  0.7434676085  1.159762265  2.059e-07  1
0.1172102298  0.3151524786  0.5228612251  1.382950966  2.995e-07  1
0.1813930694  0.3075453282  0.3445539671  1.703614676  1.615e-07  1
0.2807216204  0.2991594087  0.2138329448  2.162532742  1.362e-07  1
0.4344412299  0.2906975474  0.1262216035  2.814706743  6.871e-08  1
0.6723357536  0.282769514  0.07183814315  3.730975961  5.262e-08  1
1.04049831  0.2757567546  0.04006613365  4.995871765  5.056e-08  1
1.610262028  0.2697920817  0.02227558397  6.700164275  2.52e-08  1
2.492021151  0.2648109534  0.01252513044  8.935294506  1.969e-08  1
3.856620421  0.2606451925  0.007187046341  11.79572876  1.213e-08  1
5.968456995  0.2571173772  0.004232497762  15.37098262  8.962e-09  1
9.236708572  0.2541061019  0.002585212092  19.66762462  5.314e-09  1
14.29461338  0.2515558026  0.00167391676  24.44179353  3.295e-09  1
22.12216291  0.249446128  0.001181272366  29.09544325  2.499e-09  1
34.23597958  0.2477572698  0.0009232611974  32.9107446  1.518e-09  1
52.98316906  0.246452488  0.0007925644399  35.52079756  9.855e-10  1
81.99608245  0.2454779724  0.0007283032967  37.05474783  6.995e-10  1
126.8961003  0.2447713193  0.0006974200127  37.86629354  4.55e-10  1
196.3828002  0.2442711448  0.0006827790395  38.27012756  3.072e-10  1
303.9195382  0.2439241456  0.0006758684808  38.46528045  2.112e-10  1
470.3420342  0.2436874161  0.0006725886862  38.55895196  1.455e-10  1
727.8953844  0.2435280876  0.0006710061992  38.6043935  1.034e-10  1
1126.481692  0.2434220413  0.0006702220421  38.62697039  8.369e-11  1
1743.328822  0.2433520687  0.0006698194795  38.63857608  5.959e-11  1
2697.95364  0.2433062049  0.0006696042951  38.64478404  5.457e-11  1
4175.318937  0.2432762869  0.0006694844514  38.64824276  3.577e-11  1
6461.670787  0.2432569478  0.0006694155582  38.65023146  7.206e-11  1
10000  0.2432444113  0.0006693744763  38.6514175  1.477e-10  1
