# model=Ising J=1 g=0.905 h=0.809 M=8 dim=49152 q=0.03 solver=mf-L1qL1q-gpures
# theta  nu  sigma2  tau  nu_bar  accepted
0.0316227766  0.3291965481  1.241411051  0.8975159937  7.999e-08  1
0.04893900918  0.3260576575  0.9893895514  1.005347819  5.648e-07  1
0.07573739176  0.3213965589  0.7417478935  1.16110592  3.967e-07  1
0.1172102298  0.3151352407  0.5210345162  1.385373107  4.863e-07  1
0.1813930694  0.3075337033  0.3428753049  1.707779895  8.412e-08  1
0.2807216204  0.2991799882  0.2126806148  2.168383263  1.502e-07  1
0.4344412299  0.2907974843  0.1259116376  2.818169198  8.753e-08  1
0.6723357536  0.2829860708  0.07234874357  3.71778699  5.67e-08  1
1.04049831  0.2760521271  0.04095582889  4.941310446  6.331e-08  1
1.610262028  0.2700235859  0.02299421435  6.594634227  3.279e-08  1
2.492021151  0.2647889307  0.01275811865  8.853330596  2.515e-08  1
3.856620421  0.2602453287  0.006937555413  12.00595656  2.121e-08  1
5.968456995  0.2563584504  0.003680302463  16.48383444  1.472e-08  1
9.236708572  0.2531310105  0.001913776368  22.8588515  9.616e-09  1
14.29461338  0.2505475406  0.000991775471  31.75362551  5.605e-09  1
22.12216291  0.2485516224  0.0005280888033  43.51575473  3.431e-09  1
34.23597958  0.247056012  0.0003021949212  57.52497246  2.243e-09  1
52.98316906  0.2459636233  0.0001950077942  71.61005628  1.371e-09  1
81.99608245  0.2451833903  0.0001452781673  82.96593724  1.013e-09  1
126.8961003  0.2446372189  0.00012265295  90.29443836  6.272e-10  1
196.3828002  0.2442617401  0.0001125291745  94.26868163  4.264e-10  1
303.9195382  0.2440076176  0.0001080580625  96.19918925  6.581e-10  1
470.3420342  0.2438378283  0.0001061003475  97.08264427  1.234e-09  1
727.8953844  0.2437255158  0.0001052460132  97.47588196  2.038e-09  1
1126.481692  0.2436517711  0.0001048721936  97.64945505  3.144e-09  1
1743.328822  0.2436036043  0.0001047070643  97.72642422  4.538e-09  1
2697.95364  0.2435722575  0.0001046328497  97.76107604  6.382e-09  1
4175.318937  0.2435519069  0.0001045986217  97.77707  8.552e-09  1
6461.670787  0.243538717  0.000104582282  97.78470797  1.1e-08  1
10000  0.2435301774  0.0001045741485  97.78851059  1.362e-08  1
