# model=Ising J=1 g=0.905 h=0.809 M=8 dim=49152 q=0.05 solver=mf-L1qL1q-gpures
# theta  nu  sigma2  tau  nu_bar  accepted
0.0316227766  0.329207243  1.242665027  0.8970630369  5.849e-07  1
0.04893900918  0.3260598924  0.9897373879  1.005171142  6.567e-07  1
0.07573739176  0.3213995783  0.7421306948  1.160806424  4.039e-07  1
0.1172102298  0.3151393524  0.5214512925  1.384819358  4.795e-07  1
0.1813930694  0.3075381712  0.3432936597  1.706738985  8.312e-08  1
0.2807216204  0.2991833176  0.2130727105  2.166387218  1.483e-07  1
0.4344412299  0.2907975799  0.1262611149  2.8142663  8.68e-08  1
0.6723357536  0.2829807078  0.07265206667  3.710017974  5.637e-08  1
1.04049831  0.2760395447  0.04121883935  4.925520384  6.252e-08  1
1.610262028  0.2700028867  0.02322667239  6.56155091  3.245e-08  1
2.492021151  0.2647602629  0.01296975699  8.780799902  2.485e-08  1
3.856620421  0.2602098608  0.007136201845  11.83767568  2.093e-08  1
5.968456995  0.2563182423  0.003871520034  16.0716048  1.431e-08  1
9.236708572  0.2530888289  0.002101180087  21.81566027  9.246e-09  1
14.29461338  0.2505066051  0.001177514689  29.14183086  5.337e-09  1
22.12216291  0.2485152045  0.0007132917975  37.44263334  4.231e-09  1
34.23597958  0.2470268988  0.0004873330657  45.29883786  2.63e-09  1
52.98316906  0.2459437159  0.0003802089442  51.28481998  1.295e-09  1
81.99608245  0.2451734117  0.0003305200095  55.00486736  9.567e-10  1
126.8961003  0.2446367495  0.0003078785911  56.99152194  7.278e-10  1
196.3828002  0.2442695252  0.0002976976964  57.95784952  4.235e-10  1
303.9195382  0.2440220143  0.0002931548493  58.40519237  6.676e-10  1
470.3420342  0.2438571962  0.0002911293529  58.60801365  1.208e-09  1
727.8953844  0.2437484486  0.000290219628  58.69979836  1.914e-09  1
1126.481692  0.2436771753  0.0002898042644  58.74184921  2.774e-09  1
1743.328822  0.2436306818  0.0002896095985  58.76158806  3.772e-09  1
2697.95364  0.2436004502  0.000289515086  58.77117866  4.894e-09  1
4175.318937  0.2435808352  0.0002894672118  58.77603847  5.903e-09  1
6461.670787  0.2435681282  0.0002894418277  58.77861574  6.821e-09  1
10000  0.2435599033  0.000289427752  58.78004501  7.679e-09  1
