# model=Ising J=1 g=0.905 h=0.809 M=10 dim=786432 q=0.002 solver=mf-L1qL1q-gpures
# theta  nu  sigma2  tau  nu_bar  accepted
0.0316227766  0.3292041966  1.242120628  0.8972595984  3.269e-07  1
0.05455594781  0.325046115  0.9261573494  1.039100638  1.854e-07  1
0.09412049673  0.3184711245  0.6271254171  1.262765763  3.485e-07  1
0.1623776739  0.3095522295  0.3831600057  1.615510981  2.073e-07  1
0.2801356761  0.299186502  0.212414737  2.169739913  7.977e-08  1
0.4832930239  0.2887170192  0.1087795875  3.031979749  6.344e-08  1
0.8337822235  0.2792793227  0.05289330595  4.348101204  7.954e-08  1
1.438449888  0.2714074964  0.02516855397  6.30334195  2.694e-08  1
2.481628923  0.2650593215  0.01194920553  9.148091175  2.182e-08  1
4.281332399  0.259914391  0.005644041409  13.31082287  1.139e-08  1
7.386199822  0.255686622  0.002602158763  19.60347688  8.102e-09  1
12.74274986  0.252248155  0.001151392596  29.4705529  4.328e-09  1
21.98392649  0.2495552896  0.0004861011388  45.35620199  2.569e-09  1
37.92690191  0.247548685  0.0001963858755  71.35836249  1.551e-09  1
65.4318913  0.2461244107  7.644774859e-05  114.371456  9.319e-10  1
112.8837892  0.2451553107  2.892943973e-05  185.9216601  4.871e-10  1
194.748304  0.2445192053  1.078988049e-05  304.4329687  3.089e-10  1
335.9818286  0.2441144701  4.083216804e-06  494.8787207  1.652e-10  1
579.6393953  0.2438637309  1.670428465e-06  773.7239833  9.816e-11  1
1000  0.2437117086  8.213285236e-07  1103.421768  5.576e-11  1
