# model=Ising J=1 g=0.905 h=0.809 M=9 dim=196608 q=0 solver=mf-L1qL1q-gpures
# theta  nu  sigma2  tau  nu_bar  accepted
0.0316227766  0.3291700586  1.238786882  0.8984661118  2.828e-07  1
0.03712105009  0.3282460028  1.153484362  0.9310953216  6.279e-07  1
0.0435753121  0.3270295311  1.056724509  0.9727900274  1.62e-07  1
0.05115178099  0.3256558851  0.9634052754  1.018815374  1.958e-07  1
0.06004557564  0.324073983  0.8711569624  1.071400375  3.307e-07  1
0.07048574036  0.3222739277  0.7810032131  1.131549585  5.007e-07  1
0.08274114357  0.320251951  0.6939723083  1.200408134  2.149e-07  1
0.09712740198  0.3180163822  0.6112948805  1.279012004  3.568e-07  1
0.1140150089  0.315572559  0.5335774105  1.368993173  1.241e-07  1
0.1338388753  0.3129421451  0.4616594131  1.47176731  2.15e-07  1
0.1571095308  0.3101467554  0.3959294704  1.589245848  3.222e-07  1
0.1844262709  0.3072164689  0.3366614331  1.723468365  1.343e-07  1
0.2164925909  0.3041865014  0.2839628881  1.876589179  1.999e-07  1
0.2541343037  0.3010913317  0.2376642763  2.051247414  1.089e-07  1
0.2983208064  0.2979692909  0.1975140399  2.250095826  1.611e-07  1
0.3501900461  0.2948548662  0.163080768  2.476273591  1.003e-07  1
0.4110778256  0.291782327  0.1338890666  2.732923298  1.393e-07  1
0.4825522043  0.2887797805  0.1093788925  3.02366198  9.431e-08  1
0.5664538814  0.2858723346  0.08899663159  3.35207105  1.262e-07  1
0.6649435997  0.2830777707  0.07217588965  3.722236188  9.002e-08  1
0.7805577917  0.2804098878  0.05839453952  4.138222912  7.069e-08  1
0.9162739012  0.2778759677  0.04716511664  4.604574919  6.139e-08  1
1.075587062  0.2754785614  0.03805363491  5.126275308  4.988e-08  1
1.26260011  0.2732162193  0.03068236334  5.708941539  3.919e-08  1
1.482129242  0.2710837588  0.02472805344  6.359237349  5.267e-08  1
1.739828053  0.2690741693  0.01992051917  7.085160186  3.907e-08  1
2.04233313  0.2671791422  0.01603778045  7.896376877  3.04e-08  1
2.397434968  0.2653901021  0.01289925787  8.804762333  2.512e-08  1
2.814278602  0.2636990234  0.01035985237  9.824788651  2.22e-08  1
3.30359912  0.2620990124  0.008303765625  10.9739369  2.053e-08  1
3.877998127  0.260584577  0.006638780219  12.27314469  1.981e-08  1
4.552268276  0.2591516818  0.005291307773  13.74733413  1.594e-08  1
5.34377423  0.2577977545  0.004202564503  15.4256263  1.086e-08  1
6.272899858  0.2565212874  0.003325047634  17.34207517  1.084e-08  1
7.363573186  0.2553213694  0.002619983526  19.53667805  9.147e-09  1
8.643882621  0.2541975554  0.002055707265  22.05562478  7.343e-09  1
10.14680032  0.2531493867  0.001606083633  24.95260672  6.501e-09  1
11.91103133  0.2521761285  0.00124949841  28.2899478  6.232e-09  1
13.98201038  0.2512765791  0.0009680498047  32.14039051  4.842e-09  1
16.41307195  0.2504490143  0.0007469879649  36.58838141  3.994e-09  1
19.26682384  0.2496911766  0.0005741901988  41.73227999  3.317e-09  1
22.61675949  0.2490002622  0.0004397419828  47.68711344  3.013e-09  1
26.54915071  0.2483730348  0.0003355946696  54.587408  2.798e-09  1
31.16526945  0.2478059038  0.0002552538801  62.59127866  2.148e-09  1
36.58399586  0.2472951031  0.0001935311036  71.8827384  1.995e-09  1
42.94487989  0.2468366841  0.0001462864926  82.67950851  1.599e-09  1
50.41173511  0.2464266924  0.0001102539555  95.23638681  1.395e-09  1
59.17685748  0.2460612041  8.286487541e-05  109.8537177  1.188e-09  1
69.46597759  0.2457364  6.211267726e-05  126.8848806  1.024e-09  1
81.54407395  0.2454486108  4.643729201e-05  146.7460963  8.643e-10  1
95.72219707  0.2451943511  3.463180568e-05  169.9270164  7.479e-10  1
112.36548  0.2449703392  2.576637387e-05  197.0032305  6.375e-10  1
131.9025418  0.2447735039  1.912701786e-05  228.6527181  4.887e-10  1
154.8365257  0.2446009953  1.416796057e-05  265.6723335  4.436e-10  1
181.7580568  0.2444501817  1.047328847e-05  308.9999913  3.756e-10  1
213.3604527  0.2443186486  7.727316165e-06  359.737456  2.996e-10  1
250.4575784  0.2442041912  5.691156309e-06  419.179218  2.157e-10  1
294.0048064  0.2441048059  4.184625449e-06  488.8455927  2.166e-10  1
345.1236204  0.2440186819  3.072234375e-06  570.5225674  2.119e-10  1
405.1304969  0.2439441901  2.25243157e-06  666.3067257  1.472e-10  1
475.5708096  0.2438798701  1.649322398e-06  778.6588457  1.408e-10  1
558.2586269  0.2438244215  1.206342312e-06  910.4680695  1.331e-10  1
655.3234307  0.2437766901  8.814522695e-07  1065.125053  9.632e-11  1
769.2649575  0.2437356544  6.434851269e-07  1246.610393  9.143e-11  1
903.0175743  0.243700417  4.693915605e-07  1459.594982  6.718e-11  1
1060.025849  0.2436701895  3.421602957e-07  1709.56333  6.429e-11  1
1244.333258  0.2436442838  2.492640664e-07  2002.95025  5.183e-11  1
1460.68632  0.2436220999  1.814924854e-07  2347.311227  4.614e-11  1
1714.656836  0.2436031165  1.320859459e-07  2751.513796  4.341e-11  1
2012.785376  0.2435868822  9.609059005e-08  3225.964396  3.601e-11  1
2362.749726  0.243573006  6.988020222e-08  3782.883123  3.742e-11  1
2773.562614  0.2435611511  5.08038035e-08  4436.616461  4.176e-11  1
3255.803816  0.2435510274  3.69256083e-08  5203.986614  4.712e-11  1
3821.892621  0.2435423848  2.683251413e-08  6104.770144  5.342e-11  1
4486.407667  0.2435350089  1.949438156e-08  7162.180617  6.011e-11  1
5266.462393  0.2435287159  1.416090847e-08  8403.388502  6.783e-11  1
6182.145761  0.2435233479  1.028512943e-08  9860.413313  7.726e-11  1
7257.039612  0.2435187698  7.469234955e-09  11570.76144  8.754e-11  1
8518.825983  0.243514866  5.423726998e-09  13578.47789  9.992e-11  1
10000  0.2435115375  3.937997171e-09  15935.37544  1.122e-10  1
