# model=Ising J=1 g=0.905 h=0.809 M=11 dim=3145728 q=0.004 solver=mf-L1qL1q-gpures
# theta  nu  sigma2  tau  nu_bar  accepted
0.0316227766  0.3292275717  1.24466074  0.896343564  6.169e-07  1
0.04893900918  0.3260552285  0.9890944546  1.005497781  1.889e-07  1
0.07573739176  0.3213948087  0.7415249371  1.161280463  2.047e-07  1
0.1172102298  0.3151317515  0.5207575838  1.38574142  2.98e-07  1
0.1813930694  0.3075228192  0.3424431764  1.708857078  1.609e-07  1
0.2807216204  0.2991427996  0.2118570048  2.172594051  1.359e-07  1
0.4344412299  0.2906980955  0.1244693476  2.834449954  6.866e-08  1
0.6723357536  0.2828002939  0.07033681721  3.770584204  5.231e-08  1
1.04049831  0.2758307623  0.03879787012  5.076870172  5.037e-08  1
1.610262028  0.2699206657  0.02119975591  6.868067735  2.489e-08  1
2.492021151  0.2650024137  0.01159520995  9.286684507  1.957e-08  1
3.856620421  0.2609032795  0.006360011914  12.53923482  1.256e-08  1
5.968456995  0.2574400216  0.003473142154  16.9683151  7.323e-09  1
9.236708572  0.2544849571  0.001867358358  23.14121541  4.914e-09  1
14.29461338  0.2519768481  0.0009796385922  31.94972006  3.563e-09  1
22.12216291  0.2498916433  0.0004993619352  44.74992202  2.334e-09  1
34.23597958  0.2482087643  0.0002473931601  63.57789663  1.47e-09  1
52.98316906  0.2468938971  0.0001195596411  91.45505151  9.741e-10  1
81.99608245  0.2458978964  5.674703681e-05  132.7481281  6.18e-10  1
126.8961003  0.245164046  2.675273851e-05  193.3374017  3.952e-10  1
196.3828002  0.2446362566  1.278118354e-05  279.7141677  2.639e-10  1
303.9195382  0.2442646556  6.413157481e-06  394.8790087  1.602e-10  1
470.3420342  0.2440079108  3.565900162e-06  529.5602886  1.08e-10  1
727.8953844  0.2438334129  2.313862512e-06  657.4023089  7.104e-11  1
1126.481692  0.243716429  1.770851985e-06  751.4651919  4.273e-11  1
1743.328822  0.2436388469  1.537877159e-06  806.3789395  2.944e-11  1
2697.95364  0.2435878114  1.438708801e-06  833.7071957  1.902e-11  1
4175.318937  0.2435544337  1.396723218e-06  846.1450609  1.173e-11  1
6461.670787  0.2435326924  1.379005419e-06  851.5634516  8.293e-12  1
10000  0.2435185694  1.371539585e-06  853.8780049  5.287e-12  1
