# model=Ising J=1 g=0.905 h=0.809 M=11 dim=3145728 q=0.02 solver=mf-L1qL1q-gpures
# theta  nu  sigma2  tau  nu_bar  accepted
0.0316227766  0.3292096901  1.242702295  0.8970495854  1.924e-07  1
0.04893900918  0.3260560555  0.9891963408  1.005445997  1.861e-07  1
0.07573739176  0.3213955302  0.7416168308  1.161208514  2.071e-07  1
0.1172102298  0.3151327387  0.5208578683  1.38560801  3.039e-07  1
0.1813930694  0.3075238862  0.342543611  1.708606539  1.636e-07  1
0.2807216204  0.2991435884  0.2119510641  2.172111922  1.376e-07  1
0.4344412299  0.2906980689  0.1245527646  2.833500634  6.993e-08  1
0.6723357536  0.2827988308  0.0704083156  3.768669237  5.332e-08  1
1.04049831  0.2758272394  0.03885828467  5.072922029  5.097e-08  1
1.610262028  0.2699145569  0.02125106052  6.859772233  2.536e-08  1
2.492021151  0.2649933299  0.01163961744  9.26895229  1.994e-08  1
3.856620421  0.2608910539  0.00639957051  12.50041944  1.274e-08  1
5.968456995  0.2574247832  0.003509537305  16.88010207  7.464e-09  1
9.236708572  0.2544671591  0.001901846953  22.93043098  5.015e-09  1
14.29461338  0.2519572575  0.001013083808  31.41791156  3.583e-09  1
22.12216291  0.2498712699  0.0005323054317  43.34305821  2.32e-09  1
34.23597958  0.2481887373  0.0002801398934  59.74650708  1.457e-09  1
52.98316906  0.2468753255  0.000152259394  81.0415897  9.538e-10  1
81.99608245  0.2458817445  8.945961084e-05  105.7271432  6.036e-10  1
126.8961003  0.2451510144  5.949143518e-05  129.6500764  3.933e-10  1
196.3828002  0.2446266874  4.553951347e-05  148.1855331  2.669e-10  1
303.9195382  0.2442585007  3.917982659e-05  159.7602551  1.601e-10  1
470.3420342  0.2440047989  3.633194581e-05  165.9035469  1.082e-10  1
727.8953844  0.2438327911  3.507456072e-05  168.8510944  7.087e-11  1
1126.481692  0.24371771  3.452488553e-05  170.1899365  4.769e-11  1
1743.328822  0.2436415088  3.428580673e-05  170.7822825  3.227e-11  1
2697.95364  0.2435914385  3.418178159e-05  171.0419553  2.041e-11  1
4175.318937  0.2435587179  3.413622405e-05  171.1560519  1.391e-11  1
6461.670787  0.2435374162  3.41160011e-05  171.2067724  9.172e-12  1
10000  0.2435235842  3.410682981e-05  171.2297896  5.169e-12  1
