# model=Ising J=1 g=0.905 h=0.809 M=9 dim=196608 q=0.002 solver=mf-L1qL1q-gpures
# theta  nu  sigma2  tau  nu_bar  accepted
0.0316227766  0.3291995462  1.24175218  0.8973927042  7.367e-07  1
0.05455594781  0.3250474786  0.9262571478  1.039044658  4.735e-07  1
0.09412049673  0.3184707793  0.6271041563  1.262787169  1.682e-07  1
0.1623776739  0.3095535808  0.3831957544  1.615435623  2.977e-07  1
0.2801356761  0.299194819  0.2125569493  2.169013953  2.32e-07  1
0.4832930239  0.2887506562  0.1091597498  3.026695522  1.119e-07  1
0.8337822235  0.2793510733  0.05349296723  4.323661202  7.879e-08  1
1.438449888  0.2714723244  0.02574598889  6.23225495  5.205e-08  1
2.481628923  0.2650178629  0.01230669255  9.014244311  2.807e-08  1
4.281332399  0.2596904469  0.005773874783  13.16031606  1.512e-08  1
7.386199822  0.255298845  0.002608288408  19.58042862  9.315e-09  1
12.74274986  0.2517883049  0.001123158827  29.83866665  5.346e-09  1
21.98392649  0.249117657  0.0004615326134  46.54776171  3.475e-09  1
37.92690191  0.2471874562  0.0001821862692  74.08702891  1.961e-09  1
65.4318913  0.2458530048  6.960311528e-05  119.8631429  9.517e-10  1
112.8837892  0.2449642893  2.596441735e-05  196.2504717  6.423e-10  1
194.748304  0.2443913169  9.606913277e-06  322.6324639  3.489e-10  1
335.9818286  0.2440322908  3.652531642e-06  523.2424934  1.979e-10  1
579.6393953  0.243812642  1.537539948e-06  806.4673617  1.269e-10  1
1000  0.2436807264  8.004007e-07  1117.754096  1.98e-10  1
