# model=Ising J=1 g=0.905 h=0.809 M=9 dim=196608 q=0.03 solver=mf-L1qL1q-gpures
# theta  nu  sigma2  tau  nu_bar  accepted
0.0316227766  0.3292035742  1.242107729  0.8972642575  1.076e-07  1
0.04893900918  0.3260564501  0.9892837794  1.005401563  1.658e-07  1
0.07573739176  0.321396457  0.7417337731  1.161116972  2.022e-07  1
0.1172102298  0.3151341793  0.5209896584  1.385432747  2.139e-07  1
0.1813930694  0.3075275792  0.3427310535  1.70813925  2.997e-07  1
0.2807216204  0.2991560445  0.2122616946  2.170521972  1.475e-07  1
0.4344412299  0.2907370676  0.1251264965  2.826997065  1.123e-07  1
0.6723357536  0.2828865362  0.07130272594  3.744957843  4.72e-08  1
1.04049831  0.2759562932  0.03993089078  5.004324931  3.645e-08  1
1.610262028  0.2700167182  0.02223925009  6.705635314  4.687e-08  1
2.492021151  0.2649547574  0.01234825995  8.999059394  2.894e-08  1
3.856620421  0.2606117788  0.006793671007  12.1324286  1.445e-08  1
5.968456995  0.256881387  0.003675239801  16.49518381  9.925e-09  1
9.236708572  0.2537243652  0.001952312642  22.63212415  6.627e-09  1
14.29461338  0.2511273344  0.00102820932  31.18596822  5.34e-09  1
22.12216291  0.2490623912  0.0005497702826  42.64905077  3.345e-09  1
34.23597958  0.247474301  0.0003104726754  56.75293262  2.165e-09  1
52.98316906  0.2462885427  0.0001943652096  71.72833246  1.249e-09  1
81.99608245  0.2454257396  0.000139482362  84.67210436  8.173e-10  1
126.8961003  0.2448120463  0.0001141136009  93.61195065  5.452e-10  1
196.3828002  0.2443843024  0.0001026091498  98.72041113  3.593e-10  1
303.9195382  0.2440914399  9.747280366e-05  101.2880642  2.266e-10  1
470.3420342  0.2438939366  9.520552564e-05  102.4870335  1.649e-10  1
727.8953844  0.2437623566  9.421093727e-05  103.0265929  1.095e-10  1
1126.481692  0.2436755074  9.377475116e-05  103.2659251  1.315e-10  1
1743.328822  0.2436185715  9.358219016e-05  103.3721139  1.839e-10  1
2697.95364  0.243581424  9.349594908e-05  103.4197784  2.516e-10  1
4175.318937  0.2435572663  9.345642547e-05  103.4416447  3.312e-10  1
6461.670787  0.2435415912  9.343772502e-05  103.4519955  4.206e-10  1
10000  0.243531435  9.342851682e-05  103.4570934  5.159e-10  1
