# model=Ising J=1 g=0.905 h=0.809 M=10 dim=786432 q=0 solver=mf-L1qL1q-gpures
# theta  nu  sigma2  tau  nu_bar  accepted
0.0316227766  0.3292071511  1.242385689  0.8971638789  1.446e-07  1
0.03712105009  0.3282156948  1.150788893  0.9321851263  6.883e-07  1
0.0435753121  0.3270274868  1.056585164  0.9728541722  2.801e-07  1
0.05115178099  0.3256570205  0.9634935407  1.018768706  4.29e-07  1
0.06004557564  0.3240725792  0.8710693596  1.071454249  1.585e-07  1
0.07048574036  0.3222735248  0.7809694855  1.131574019  2.642e-07  1
0.08274114357  0.3202532441  0.6940357394  1.200353277  4.181e-07  1
0.09712740198  0.3180152974  0.6112498008  1.279059167  1.641e-07  1
0.1140150089  0.315573361  0.5336077733  1.368954224  2.863e-07  1
0.1338388753  0.3129410733  0.4616263974  1.47181994  1.197e-07  1
0.1571095308  0.310145801  0.3958997592  1.589305481  1.897e-07  1
0.1844262709  0.3072151564  0.3366335471  1.723539747  2.886e-07  1
0.2164925909  0.304182639  0.2838839484  1.876850073  1.438e-07  1
0.2541343037  0.3010856013  0.2375627594  2.051685643  2.246e-07  1
0.2983208064  0.2979585215  0.1973441721  2.251064024  1.279e-07  1
0.3501900461  0.2948386848  0.1628549201  2.47799005  1.807e-07  1
0.4110778256  0.2917577036  0.1335816978  2.736065692  1.2e-07  1
0.4825522043  0.2887456045  0.1089952775  3.028978281  9.1e-08  1
0.5664538814  0.2858268128  0.08853401051  3.360817509  6.683e-08  1
0.6649435997  0.2830210045  0.07164842724  3.73591227  8.95e-08  1
0.7805577917  0.2803423653  0.05781351115  4.158965589  7.092e-08  1
0.9162739012  0.2778006044  0.04655172635  4.634811804  5.443e-08  1
1.075587062  0.275400401  0.03743211542  5.16865821  4.359e-08  1
1.26260011  0.2731418624  0.03007600091  5.766203367  3.884e-08  1
1.482129242  0.2710217606  0.02415877436  6.433725852  3.646e-08  1
1.739828053  0.269033971  0.01940622069  7.178430782  3.229e-08  1
2.04233313  0.2671703701  0.01559060127  8.008820641  2.705e-08  1
2.397434968  0.2654217688  0.01252561782  8.935120662  2.383e-08  1
2.814278602  0.26377868  0.01006070251  9.969786228  2.17e-08  1
3.30359912  0.2622320393  0.008075430285  11.1280012  1.989e-08  1
3.877998127  0.2607736871  0.006474086952  12.42827161  1.384e-08  1
4.552268276  0.2593968786  0.00518118406  13.89266264  1.368e-08  1
5.34377423  0.2580961614  0.004136778843  15.54779652  1.226e-08  1
6.272899858  0.2568675898  0.003293488306  17.42496591  1.023e-08  1
7.363573186  0.2557084548  0.002613489475  19.56093555  8.116e-09  1
8.643882621  0.2546169907  0.002066359126  21.99870413  6.428e-09  1
10.14680032  0.2535920276  0.001627411522  24.78856046  5.718e-09  1
11.91103133  0.2526327956  0.001276529813  27.98881547  5.024e-09  1
13.98201038  0.2517385378  0.0009971808359  31.66744597  4.605e-09  1
16.41307195  0.250908323  0.0007757471181  35.90375854  3.584e-09  1
19.26682384  0.250140968  0.0006010338972  40.78970054  3.137e-09  1
22.61675949  0.2494348694  0.0004638196213  46.43286074  2.82e-09  1
26.54915071  0.248788015  0.0003565503993  52.95897079  2.271e-09  1
31.16526945  0.2481980346  0.0002730737665  60.51457809  1.946e-09  1
36.58399586  0.2476622137  0.0002083982723  69.27123698  1.651e-09  1
42.94487989  0.2471775628  0.0001585006228  79.42999103  1.433e-09  1
50.41173511  0.2467408992  0.0001201585991  91.22682745  1.195e-09  1
59.17685748  0.246348937  9.080965299e-05  104.9382922  1.002e-09  1
69.46597759  0.2459983454  6.842661603e-05  120.8891902  8.398e-10  1
81.54407395  0.2456858076  5.14149718e-05  139.4617784  7.615e-10  1
95.72219707  0.2454080797  3.852787635e-05  161.106278  6.064e-10  1
112.36548  0.2451620386  2.879592962e-05  186.3521674  5.421e-10  1
131.9025418  0.2449447048  2.146850285e-05  215.8236935  4.612e-10  1
154.8365257  0.2447532755  1.59678503e-05  250.2515487  3.667e-10  1
181.7580568  0.2445851144  1.184976705e-05  290.4993023  3.135e-10  1
213.3604527  0.2444377775  8.77490701e-06  337.5815777  2.54e-10  1
250.4575784  0.2443090076  6.484830215e-06  392.6907714  2.305e-10  1
294.0048064  0.244196732  4.783348215e-06  457.2292456  2.032e-10  1
345.1236204  0.2440990592  3.522082964e-06  532.8441587  1.718e-10  1
405.1304969  0.244014271  2.589163095e-06  621.4701817  1.386e-10  1
475.5708096  0.2439408148  1.900508566e-06  725.3791768  1.095e-10  1
558.2586269  0.243877294  1.393120675e-06  847.2383996  1.05e-10  1
655.3234307  0.2438224592  1.019934279e-06  990.1794434  7.946e-11  1
769.2649575  0.2437751964  7.458894552e-07  1157.877904  7.439e-11  1
903.0175743  0.2437345183  5.44937773e-07  1354.648261  6.828e-11  1
1060.025849  0.2436995525  3.977753365e-07  1585.554133  5.051e-11  1
1244.333258  0.243669531  2.90129076e-07  1856.540264  4.562e-11  1
1460.68632  0.2436437812  2.114696226e-07  2174.583082  4.098e-11  1
1714.656836  0.2436217153  1.540440289e-07  2547.871763  3.647e-11  1
2012.785376  0.2436028214  1.121541861e-07  2986.016863  2.691e-11  1
2362.749726  0.2435866547  8.161846808e-08  3500.30413  2.386e-11  1
2773.562614  0.24357283  5.937318426e-08  4103.97616  2.11e-11  1
3255.803816  0.2435610143  4.317618309e-08  4812.579055  1.853e-11  1
3821.892621  0.2435509203  3.138848736e-08  5644.361312  1.63e-11  1
4486.407667  0.2435423008  2.281324307e-08  6620.739282  1.219e-11  1
5266.462393  0.2435349426  1.657709368e-08  7766.865852  1.083e-11  1
6182.145761  0.2435286632  1.204338051e-08  9112.253558  9.717e-12  1
7257.039612  0.2435233058  8.748209129e-09  10691.54386  7.611e-12  1
8518.825983  0.2435187359  6.353741267e-09  12545.42092  7.005e-12  1
10000  0.2435148387  4.614154691e-09  14721.5631  4.557e-12  1
