# model=Ising J=1 g=0.905 h=0.809 M=9 dim=196608 q=0.05 solver=mf-L1qL1q-gpures
# theta  nu  sigma2  tau  nu_bar  accepted
0.0316227766  0.3292144143  1.243368076  0.8968093834  3.416e-07  1
0.04893900918  0.3260584585  0.9896162638  1.005232654  1.739e-07  1
0.07573739176  0.3213995175  0.7421182992  1.160816118  1.999e-07  1
0.1172102298  0.3151382868  0.5214063577  1.384879029  2.12e-07  1
0.1813930694  0.3075320456  0.3431493047  1.70709794  2.969e-07  1
0.2807216204  0.2991593523  0.2126534273  2.168521871  1.456e-07  1
0.4344412299  0.2907370392  0.1254745696  2.823073223  1.108e-07  1
0.6723357536  0.28288014  0.07160008812  3.737173164  1.158e-07  1
1.04049831  0.2759425062  0.04018738087  4.988329682  5.433e-08  1
1.610262028  0.2699937052  0.0224621045  6.672287916  4.663e-08  1
2.492021151  0.2649219836  0.01254715343  8.927449366  2.837e-08  1
3.856620421  0.2605698618  0.00697694406  11.97201851  1.42e-08  1
5.968456995  0.256832048  0.003849155496  16.11822716  9.724e-09  1
9.236708572  0.2536702549  0.002121121835  21.71286803  8.189e-09  1
14.29461338  0.2510718265  0.001194550341  28.93328679  5.016e-09  1
22.12216291  0.2490091611  0.0007151342679  37.39436867  3.1e-09  1
34.23597958  0.2474268031  0.0004755736531  45.85546552  1.976e-09  1
52.98316906  0.2462495568  0.0003594756432  52.74305303  1.396e-09  1
81.99608245  0.2453969376  0.0003046500538  57.29271068  7.485e-10  1
126.8961003  0.2447938562  0.000279305926  59.83563784  5.028e-10  1
196.3828002  0.2443760118  0.0002677825778  61.10951557  3.987e-10  1
303.9195382  0.2440915683  0.0002626004932  61.70952895  2.582e-10  1
470.3420342  0.2439007032  0.0002602799466  61.98400664  1.52e-10  1
727.8953844  0.2437740553  0.0002592368381  62.10858602  1.217e-10  1
1126.481692  0.2436907143  0.0002587618357  62.16556545  1.186e-10  1
1743.328822  0.2436361961  0.000258540542  62.19216458  1.578e-10  1
2697.95364  0.243600679  0.0002584340414  62.20497795  1.996e-10  1
4175.318937  0.2435776058  0.0002583806716  62.21140198  2.459e-10  1
6461.670787  0.2435626445  0.0002583526934  62.21477047  2.863e-10  1
10000  0.2435529568  0.0002583373508  62.2166179  3.283e-10  1
