# model=Ising J=1 g=0.905 h=0.809 M=10 dim=786432 q=0.004 solver=mf-L1qL1q-gpures
# theta  nu  sigma2  tau  nu_bar  accepted
0.0316227766  0.3292039274  1.242201415  0.897230421  8.826e-07  1
0.05455594781  0.3250471988  0.9262255729  1.039062368  2.067e-07  1
0.09412049673  0.31847118  0.6271294788  1.262761674  3.49e-07  1
0.1623776739  0.3095522617  0.3831631298  1.615504395  2.074e-07  1
0.2801356761  0.2991865269  0.2124176777  2.169724894  7.976e-08  1
0.4832930239  0.2887170097  0.1087821069  3.031944638  6.367e-08  1
0.8337822235  0.2792792499  0.05289537582  4.348016129  7.952e-08  1
1.438449888  0.2714073337  0.025170248  6.30312983  2.685e-08  1
2.481628923  0.2650590543  0.01195063773  9.147542992  2.191e-08  1
4.281332399  0.2599140193  0.005645312337  13.30932446  1.142e-08  1
7.386199822  0.2556861634  0.002603342001  19.59902142  8.069e-09  1
12.74274986  0.2522476441  0.00115253475  29.45594672  4.326e-09  1
21.98392649  0.2495547737  0.0004872279842  45.30372244  2.57e-09  1
37.92690191  0.2475482153  0.0001975093311  71.15512582  1.545e-09  1
65.4318913  0.2461240327  7.75719675e-05  113.5396619  9.238e-10  1
112.8837892  0.2451550547  3.005499208e-05  182.40708  4.848e-10  1
194.748304  0.2445190802  1.191615482e-05  289.6889512  3.085e-10  1
335.9818286  0.2441144634  5.209562152e-06  438.1263648  1.653e-10  1
579.6393953  0.2438638178  2.796509397e-06  597.9871594  9.788e-11  1
1000  0.2437118618  1.947076684e-06  716.6522553  5.562e-11  1
