# model=Ising J=1 g=0.905 h=0.809 M=11 dim=3145728 q=0.06 solver=mf-L1qL1q-gpures
# theta  nu  sigma2  tau  nu_bar  accepted
0.0316227766  0.3292227785  1.244509964  0.8963978597  7.991e-07  1
0.04893900918  0.3260618396  0.9899816734  1.005047118  2.101e-07  1
0.07573739176  0.3214017374  0.7423898001  1.160603836  2.063e-07  1
0.1172102298  0.3151409551  0.5216912853  1.384500793  2.99e-07  1
0.1813930694  0.3075328149  0.3433800627  1.706524243  1.62e-07  1
0.2807216204  0.2991501799  0.2127340952  2.168110685  1.362e-07  1
0.4344412299  0.2906978658  0.1252472323  2.825634153  6.919e-08  1
0.6723357536  0.2827866564  0.07100343994  3.752842214  5.244e-08  1
1.04049831  0.2757979576  0.0393611936  5.040410066  5.05e-08  1
1.610262028  0.2698636778  0.021677852  6.791909282  2.507e-08  1
2.492021151  0.2649175964  0.01200876338  9.125377853  1.992e-08  1
3.856620421  0.2607890447  0.006728157027  12.19135396  1.241e-08  1
5.968456995  0.2572974472  0.003811565096  16.19751271  9.274e-09  1
9.236708572  0.2543180376  0.00218771949  21.37982677  5.769e-09  1
14.29461338  0.2517923466  0.001289955172  27.84278609  3.88e-09  1
22.12216291  0.2496983037  0.0008046513072  35.25300474  2.26e-09  1
34.23597958  0.2480160908  0.0005504826372  42.62144674  1.462e-09  1
52.98316906  0.2467108012  0.000421850587  48.68785831  9.572e-10  1
81.99608245  0.245731596  0.0003588279902  52.79062986  6.65e-10  1
126.8961003  0.2450192445  0.0003288019173  55.14838888  4.305e-10  1
196.3828002  0.2445147725  0.0003148099603  56.36062075  2.651e-10  1
303.9195382  0.2441655761  0.0003083878913  56.94444196  1.864e-10  1
470.3420342  0.2439283465  0.0003054610649  57.21660293  1.223e-10  1
727.8953844  0.243769532  0.0003041240688  57.34223338  8.816e-11  1
1126.481692  0.2436643764  0.0003035054517  57.40064226  6.202e-11  1
1743.328822  0.2435952991  0.0003032123726  57.42837672  4.426e-11  1
2697.95364  0.2435501712  0.0003030687619  57.44198148  3.445e-11  1
4175.318937  0.2435207985  0.0003029954252  57.44893266  2.85e-11  1
6461.670787  0.2435017551  0.0003029563165  57.45264058  2.078e-11  1
10000  0.2434893907  0.0003029344621  57.45471293  4.144e-11  1
