# model=Ising J=1 g=0.905 h=0.809 M=8 dim=49152 q=0.08 solver=mf-L1qL1q-gpures
# theta  nu  sigma2  tau  nu_bar  accepted
0.0316227766  0.3292062072  1.242914066  0.8969731614  4.127e-07  1
0.04893900918  0.3260644691  0.990525522  1.004771169  6.05e-07  1
0.07573739176  0.3214070473  0.7430680978  1.160073996  4.07e-07  1
0.1172102298  0.3151493464  0.5224660113  1.383473926  4.831e-07  1
0.1813930694  0.3075490347  0.3443119668  1.704213265  8.469e-08  1
0.2807216204  0.2991914119  0.2140271517  2.161551384  1.502e-07  1
0.4344412299  0.2907977625  0.1271113722  2.80483809  8.797e-08  1
0.6723357536  0.2829676006  0.07338995815  3.691319866  5.74e-08  1
1.04049831  0.2760088569  0.0418585251  4.887739361  6.442e-08  1
1.610262028  0.2699523856  0.02379175122  6.483160823  3.252e-08  1
2.492021151  0.2646902462  0.0134838686  8.611776382  2.519e-08  1
3.856620421  0.2601230398  0.007618329404  11.45697925  2.084e-08  1
5.968456995  0.2562193752  0.004335125781  15.18794965  1.389e-08  1
9.236708572  0.2529842166  0.002554998264  19.78357143  8.569e-09  1
14.29461338  0.2504033965  0.001626733148  24.79372854  4.927e-09  1
22.12216291  0.2484203759  0.001160645086  29.35285042  3.67e-09  1
34.23597958  0.2469461597  0.0009340391388  32.72031399  2.59e-09  1
52.98316906  0.2458806195  0.0008266694427  34.78035878  1.644e-09  1
81.99608245  0.2451290059  0.0007767942123  35.87955181  1.075e-09  1
126.8961003  0.2446099015  0.0007539377499  36.41935546  6.373e-10  1
196.3828002  0.2442576615  0.0007435262532  36.67345664  5.16e-10  1
303.9195382  0.2440219921  0.0007387693825  36.79133577  5.879e-10  1
470.3420342  0.2438659885  0.0007365670037  36.84629884  1.013e-09  1
727.8953844  0.2437635184  0.0007355225542  36.87245062  1.508e-09  1
1126.481692  0.2436965762  0.0007350101359  36.88530135  2.022e-09  1
1743.328822  0.2436530064  0.0007347481199  36.89187753  2.536e-09  1
2697.95364  0.2436247203  0.0007346080179  36.89539531  2.968e-09  1
4175.318937  0.2436063891  0.000734529789  36.89735998  3.383e-09  1
6461.670787  0.2435945901  0.0007344846626  36.89849344  3.826e-09  1
10000  0.2435869858  0.0007344577484  36.89916951  4.259e-09  1
