# model=Ising J=1 g=0.905 h=0.809 M=8 dim=49152 q=0.01 solver=mf-L1qL1q-gpures
# theta  nu  sigma2  tau  nu_bar  accepted
0.0316227766  0.3291512627  1.237185144  0.8990475293  1.171e-06  1
0.04893900918  0.3260605569  0.9894836932  1.005299992  5.941e-07  1
0.07573739176  0.321394999  0.7415544946  1.161257319  4.042e-07  1
0.1172102298  0.3151331922  0.5208261995  1.385650136  4.835e-07  1
0.1813930694  0.3075314682  0.3426660043  1.708301372  8.462e-08  1
0.2807216204  0.2991783212  0.2124844222  2.169384095  1.513e-07  1
0.4344412299  0.290797439  0.1257368035  2.820127816  8.797e-08  1
0.6723357536  0.2829887537  0.07219697089  3.721692709  5.668e-08  1
1.04049831  0.2760584167  0.04082419373  4.949270514  6.276e-08  1
1.610262028  0.2700339314  0.02287784546  6.611384861  3.316e-08  1
2.492021151  0.2648032518  0.01265213988  8.890332574  2.511e-08  1
3.856620421  0.2602630283  0.00683804381  12.09300021  2.116e-08  1
5.968456995  0.2563784755  0.003584468213  16.70273663  1.477e-08  1
9.236708572  0.2531519353  0.001819803715  23.44162566  9.784e-09  1
14.29461338  0.2505676891  0.0008985846414  33.35957463  5.685e-09  1
22.12216291  0.2485692729  0.0004351172618  47.93986907  3.533e-09  1
34.23597958  0.2470696536  0.0002092083558  69.13699303  2.285e-09  1
52.98316906  0.2459722054  0.0001019522004  99.03796277  1.407e-09  1
81.99608245  0.2451864825  5.217624597e-05  138.4406359  1.048e-09  1
126.8961003  0.244635018  2.954361913e-05  183.9789568  6.445e-10  1
196.3828002  0.244254917  1.94406947e-05  226.8005534  4.362e-10  1
303.9195382  0.2439970753  1.500261847e-05  258.1763565  6.759e-10  1
470.3420342  0.2438244802  1.307840226e-05  276.5175208  1.285e-09  1
727.8953844  0.2437101507  1.225233112e-05  285.6871045  2.157e-09  1
1126.481692  0.2436350057  1.190007279e-05  289.8846313  3.407e-09  1
1743.328822  0.2435858895  1.175042366e-05  291.7247238  5.173e-09  1
2697.95364  0.2435539098  1.168690974e-05  292.5163563  7.784e-09  1
4175.318937  0.2435331417  1.165990279e-05  292.8549272  1.153e-08  1
6461.670787  0.243519678  1.164836084e-05  292.999981  1.68e-08  1
10000  0.2435109595  1.164338367e-05  293.0625984  2.42e-08  1
