# model=Ising J=1 g=0.905 h=0.809 M=11 dim=3145728 q=0.08 solver=mf-L1qL1q-gpures
# theta  nu  sigma2  tau  nu_bar  accepted
0.0316227766  0.3291941659  1.241698857  0.8974119728  1.49e-07  1
0.04893900918  0.3260634603  0.9904326382  1.004818282  1.796e-07  1
0.07573739176  0.3214069946  0.7430579697  1.160081902  2.058e-07  1
0.1172102298  0.3151481261  0.5224195454  1.38353545  3.025e-07  1
0.1813930694  0.3075406018  0.3441107666  1.704711416  1.638e-07  1
0.2807216204  0.2991559254  0.2134181359  2.164633319  1.374e-07  1
0.4344412299  0.2906976703  0.1258538084  2.818816591  6.944e-08  1
0.6723357536  0.2827759913  0.07152310875  3.739183758  5.285e-08  1
1.04049831  0.2757723181  0.03980012073  5.012539469  5.085e-08  1
1.610262028  0.2698191325  0.02205010384  6.734334439  2.541e-08  1
2.492021151  0.2648512585  0.01233043279  9.005562399  1.989e-08  1
3.856620421  0.2606995887  0.007014121381  11.94024839  1.234e-08  1
5.968456995  0.2571855348  0.004073990527  15.66714968  9.075e-09  1
9.236708572  0.2541864613  0.002435657562  20.2624467  5.51e-09  1
14.29461338  0.2516457704  0.001529588685  25.56893675  3.555e-09  1
22.12216291  0.249542555  0.001039845503  31.01098714  2.486e-09  1
34.23597958  0.2478571153  0.000783419086  35.72752453  1.555e-09  1
52.98316906  0.246553519  0.0006536327905  39.11407682  1.043e-09  1
81.99608245  0.2455791514  0.0005899580621  41.17081174  6.583e-10  1
126.8961003  0.2448728202  0.0005594999322  42.27659299  4.266e-10  1
196.3828002  0.2443739851  0.0005451849855  42.8280259  2.582e-10  1
303.9195382  0.2440292101  0.000538515172  43.09243431  1.886e-10  1
470.3420342  0.2437949982  0.0005354028667  43.21750132  1.42e-10  1
727.8953844  0.2436381114  0.0005339333503  43.27693307  9.721e-11  1
1126.481692  0.2435341536  0.0005332233986  43.30573367  7.587e-11  1
1743.328822  0.2434658045  0.0005328687847  43.32014084  5.699e-11  1
2697.95364  0.2434211207  0.0005326843627  43.32763918  4.785e-11  1
4175.318937  0.2433920537  0.000532584331  43.33170796  2.653e-11  1
6461.670787  0.243373145  0.0005325276347  43.33401458  4.95e-11  1
10000  0.2433609659  0.0005324946047  43.33535854  9.821e-11  1
