# model=Ising J=1 g=0.905 h=0.809 M=11 dim=3145728 q=0.006 solver=mf-L1qL1q-gpures
# theta  nu  sigma2  tau  nu_bar  accepted
0.0316227766  0.3291821199  1.239996903  0.8980276317  2.712e-07  1
0.04893900918  0.3260557869  0.9891331331  1.005478122  1.871e-07  1
0.07573739176  0.3213948348  0.741529338  1.161277017  2.075e-07  1
0.1172102298  0.3151318038  0.520762991  1.385734226  3.028e-07  1
0.1813930694  0.30752287  0.3424483877  1.708844075  1.643e-07  1
0.2807216204  0.2991428376  0.211861909  2.172568905  1.384e-07  1
0.4344412299  0.2906980911  0.1244736863  2.834400554  6.933e-08  1
0.6723357536  0.2828002151  0.07034053841  3.770484466  5.329e-08  1
1.04049831  0.2758305704  0.03880099604  5.076665664  5.107e-08  1
1.610262028  0.2699203431  0.02120242181  6.867635942  2.531e-08  1
2.492021151  0.2650019391  0.01159752338  9.285758226  1.984e-08  1
3.856620421  0.2609026417  0.006362072946  12.53720357  1.272e-08  1
5.968456995  0.2574392277  0.003475038795  16.9636839  7.463e-09  1
9.236708572  0.2544840299  0.001869155633  23.13008709  4.971e-09  1
14.29461338  0.2519758283  0.0009813817497  31.92133246  3.608e-09  1
22.12216291  0.2498905844  0.0005010792588  44.67317163  2.346e-09  1
34.23597958  0.2482077253  0.0002491004468  63.35964668  1.485e-09  1
52.98316906  0.2468929366  0.0001212646869  90.80982214  9.881e-10  1
81.99608245  0.2458970657  5.845294302e-05  130.7967066  6.264e-10  1
126.8961003  0.2451633829  2.84601692e-05  187.4481943  4.045e-10  1
196.3828002  0.2446357798  1.448976132e-05  262.7056324  2.7e-10  1
303.9195382  0.244264363  8.12224976e-06  350.8825981  1.626e-10  1
470.3420342  0.2440077827  5.275003445e-06  435.400202  1.093e-10  1
727.8953844  0.2438334197  4.022705946e-06  498.5868917  7.225e-11  1
1126.481692  0.243716539  3.479353438e-06  536.1060723  4.366e-11  1
1743.328822  0.2436390319  3.246059852e-06  555.0367485  3.004e-11  1
2697.95364  0.2435880488  3.146635797e-06  563.7372863  1.93e-11  1
4175.318937  0.2435547068  3.104461338e-06  567.5535861  1.199e-11  1
6461.670787  0.2435329894  3.086610735e-06  569.1923688  8.458e-12  1
10000  0.2435188822  3.079054338e-06  569.8903767  5.364e-12  1
