# model=Ising J=1 g=0.905 h=0.809 M=9 dim=196608 q=0.09 solver=mf-L1qL1q-gpures
# theta  nu  sigma2  tau  nu_bar  accepted
0.0316227766  0.329196993  1.242155628  0.8972469574  2.404e-07  1
0.04893900918  0.326065422  0.9907738605  1.004645238  1.748e-07  1
0.07573739176  0.3214102245  0.7434631861  1.159765714  2.028e-07  1
0.1172102298  0.3151526346  0.5228628183  1.382948859  2.136e-07  1
0.1813930694  0.3075476223  0.3446106301  1.703474611  2.996e-07  1
0.2807216204  0.2991708789  0.2140218874  2.161577968  1.469e-07  1
0.4344412299  0.2907368878  0.12669019  2.80949657  1.118e-07  1
0.6723357536  0.2828604879  0.07265003405  3.710069873  4.739e-08  1
1.04049831  0.2758947704  0.0410838583  4.933605149  3.705e-08  1
1.610262028  0.2699132075  0.02323952119  6.559736766  4.719e-08  1
2.492021151  0.2648070495  0.01324002129  8.690718005  2.845e-08  1
3.856620421  0.2604225433  0.007614573233  11.45980469  1.404e-08  1
5.968456995  0.2566578993  0.004453281718  14.9851093  9.402e-09  1
9.236708572  0.2534777529  0.002706446606  19.22207503  7.373e-09  1
14.29461338  0.2508713587  0.001770209937  23.76772494  4.901e-09  1
22.12216291  0.2488115336  0.001286261162  27.88273825  3.454e-09  1
34.23597958  0.2472414135  0.00104470058  30.93884396  2.203e-09  1
52.98316906  0.2460830263  0.0009276763771  32.83233355  1.439e-09  1
81.99608245  0.2452524274  0.0008722928398  33.85858826  9.091e-10  1
126.8961003  0.2446712059  0.0008464987123  34.37057907  5.616e-10  1
196.3828002  0.2442727693  0.0008345777117  34.61518116  4.099e-10  1
303.9195382  0.2440041372  0.0008290569202  34.73024329  2.993e-10  1
470.3420342  0.2438253251  0.0008264665376  34.78462797  2.075e-10  1
727.8953844  0.2437074166  0.0008252211463  34.81086587  1.603e-10  1
1126.481692  0.2436301801  0.0008246013951  34.82394493  1.541e-10  1
1743.328822  0.2435798278  0.0008242800011  34.83073335  2.134e-10  1
2697.95364  0.2435470868  0.0008241057498  34.83441551  2.663e-10  1
4175.318937  0.2435258635  0.0008240073507  34.83649533  3.282e-10  1
6461.670787  0.2435121437  0.000823949817  34.83771157  4.025e-10  1
10000  0.2435032763  0.0008239151639  34.83844418  4.949e-10  1
