# model=Ising J=1 g=0.905 h=0.809 M=10 dim=786432 q=0.008 solver=mf-L1qL1q-gpures
# theta  nu  sigma2  tau  nu_bar  accepted
0.0316227766  0.329218597  1.243689366  0.8966935371  7.26e-07  1
0.05455594781  0.3250470799  0.9262243479  1.039063055  1.981e-07  1
0.09412049673  0.3184712799  0.6271410741  1.26275  3.443e-07  1
0.1623776739  0.3095524046  0.3831758462  1.615477588  2.037e-07  1
0.2801356761  0.2991866292  0.2124294504  2.16966477  7.831e-08  1
0.4832930239  0.2887169733  0.1087921838  3.031804217  6.224e-08  1
0.8337822235  0.2792789703  0.05290369585  4.347674215  7.812e-08  1
1.438449888  0.2714066841  0.02517702392  6.302281588  2.643e-08  1
2.481628923  0.2650579868  0.01195636617  9.145351378  2.156e-08  1
4.281332399  0.259912528  0.005650417541  13.30331055  1.541e-08  1
7.386199822  0.2556843212  0.002608069973  19.58124857  7.965e-09  1
12.74274986  0.2522456009  0.001157102874  29.3977447  4.262e-09  1
21.98392649  0.2495527161  0.0004917373708  45.09551931  2.94e-09  1
37.92690191  0.2475463327  0.0002020022066  70.35937018  1.52e-09  1
65.4318913  0.2461225175  8.206803536e-05  110.3857421  9.09e-10  1
112.8837892  0.2451540258  3.455633183e-05  170.1124824  4.713e-10  1
194.748304  0.2445185723  1.642033969e-05  246.7794156  2.993e-10  1
335.9818286  0.2441144272  9.714013578e-06  320.8489681  1.884e-10  1
579.6393953  0.2438641539  7.299890643e-06  370.1193774  9.539e-11  1
1000  0.243712462  6.449125905e-06  393.7762984  5.402e-11  1
