# model=Ising J=1 g=0.905 h=0.809 M=11 dim=3145728 q=0 solver=mf-L1qL1q-gpures
# theta  nu  sigma2  tau  nu_bar  accepted
0.0316227766  0.3292254891  1.244282309  0.8964798591  2.141e-07  1
0.03712105009  0.3282067261  1.149966068  0.9325185657  3.462e-07  1
0.0435753121  0.327030116  1.056796695  0.972756803  4.724e-07  1
0.05115178099  0.3256551259  0.9633560788  1.018841388  1.704e-07  1
0.06004557564  0.3240736248  0.8711336857  1.071414689  2.695e-07  1
0.07048574036  0.3222753784  0.7810742207  1.131498149  4.725e-07  1
0.08274114357  0.3202522721  0.6939850936  1.200397076  1.714e-07  1
0.09712740198  0.3180167744  0.6113095061  1.278996704  3.129e-07  1
0.1140150089  0.3155723659  0.5335717188  1.369000475  1.402e-07  1
0.1338388753  0.312941573  0.4616433128  1.471792975  2.209e-07  1
0.1571095308  0.3101451559  0.3958821144  1.589340899  1.149e-07  1
0.1844262709  0.3072148426  0.3366229429  1.723566895  1.931e-07  1
0.2164925909  0.3041816952  0.2838640233  1.876915942  1.1e-07  1
0.2541343037  0.3010834305  0.2375241708  2.051852296  1.662e-07  1
0.2983208064  0.2979548826  0.1972878555  2.251385289  1.057e-07  1
0.3501900461  0.2948321261  0.162764831  2.478675729  7.315e-08  1
0.4110778256  0.2917475948  0.133460519  2.73730755  1.039e-07  1
0.4825522043  0.2887298628  0.1088286692  3.031295961  7.985e-08  1
0.5664538814  0.2858040759  0.08831920057  3.364902117  6.547e-08  1
0.6649435997  0.2829900333  0.07138431359  3.742817109  5.232e-08  1
0.7805577917  0.2803028957  0.05750716159  4.170028602  6.508e-08  1
0.9162739012  0.2777523243  0.04620724893  4.652056105  5.067e-08  1
1.075587062  0.2753449367  0.03706159824  5.194430359  4.244e-08  1
1.26260011  0.27308224  0.02969333749  5.80323948  3.594e-08  1
1.482129242  0.2709624768  0.02377856522  6.484958138  3.173e-08  1
1.739828053  0.2689809079  0.01904246505  7.24666886  3.048e-08  1
2.04233313  0.2671305121  0.01525534825  8.096343713  2.316e-08  1
2.397434968  0.2654025635  0.01222810992  9.043162459  2.093e-08  1
2.814278602  0.2637873986  0.009806566558  10.09814285  1.994e-08  1
3.30359912  0.2622751622  0.007866809698  11.27458792  1.432e-08  1
3.877998127  0.2608563922  0.006310259152  12.58857009  1.387e-08  1
4.552268276  0.2595223785  0.005058696483  14.05985004  1.085e-08  1
5.34377423  0.2582656672  0.004050685308  15.71215474  8.887e-09  1
6.272899858  0.2570801503  0.003237877838  17.57396554  8.189e-09  1
7.363573186  0.255961089  0.002582184826  19.67915007  6.843e-09  1
8.643882621  0.2549049901  0.002053450163  22.06774295  5.881e-09  1
10.14680032  0.2539094959  0.001627680032  24.78651575  5.018e-09  1
11.91103133  0.2529730025  0.001285569547  27.89023746  4.496e-09  1
13.98201038  0.2520944072  0.001011472865  31.44292081  3.632e-09  1
16.41307195  0.2512729035  0.0007926486744  35.51891012  3.043e-09  1
19.26682384  0.2505076919  0.0006186423147  40.20501134  2.629e-09  1
22.61675949  0.2497978404  0.0004808653299  45.60245958  2.245e-09  1
26.54915071  0.2491421824  0.0003722622258  51.8293205  1.973e-09  1
31.16526945  0.2485392474  0.0002870456558  59.02343909  1.724e-09  1
36.58399586  0.2479872403  0.0002204838616  67.34596754  1.339e-09  1
42.94487989  0.2474840737  0.0001687288681  76.98485629  1.244e-09  1
50.41173511  0.2470273681  0.0001286619159  88.16069249  1.073e-09  1
59.17685748  0.246614538  9.777504691e-05  101.1313916  8.86e-10  1
69.46597759  0.2462428397  7.406153638e-05  116.1993347  7.325e-10  1
81.54407395  0.2459094305  5.592561179e-05  133.7194643  6.41e-10  1
95.72219707  0.2456114267  4.210572365e-05  154.1095074  5.493e-10  1
112.36548  0.2453459745  3.16116192e-05  177.8593206  4.77e-10  1
131.9025418  0.2451102762  2.366901077e-05  205.5464339  3.964e-10  1
154.8365257  0.2449016378  1.767638326e-05  237.8500764  3.42e-10  1
181.7580568  0.2447174942  1.31685368e-05  275.5695576  2.937e-10  1
213.3604527  0.244555427  9.787389672e-06  319.6440026  2.303e-10  1
250.4575784  0.2444131718  7.258251669e-06  371.1795054  2.041e-10  1
294.0048064  0.2442886274  5.371347877e-06  431.4777047  1.749e-10  1
345.1236204  0.2441798574  3.967116992e-06  502.0679468  1.415e-10  1
405.1304969  0.2440850863  2.924580142e-06  584.7473153  1.278e-10  1
475.5708096  0.2440026958  2.152312309e-06  681.6278951  1.122e-10  1
558.2586269  0.2439312182  1.581460521e-06  795.1898401  9.604e-11  1
655.3234307  0.2438693293  1.160328032e-06  928.3454386  8.149e-11  1
769.2649575  0.2438158399  8.502170729e-07  1084.513816  6.742e-11  1
903.0175743  0.2437696869  6.222444804e-07  1267.708708  5.511e-11  1
1060.025849  0.2437299249  4.549123069e-07  1482.641517  4.412e-11  1
1244.333258  0.2436957158  3.322613356e-07  1734.842675  4.074e-11  1
1460.68632  0.2436663211  2.424736578e-07  2030.802634  3.19e-11  1
1714.656836  0.2436410908  1.768172474e-07  2378.141476  2.892e-11  1
2012.785376  0.2436194566  1.288545512e-07  2785.801184  2.574e-11  1
2362.749726  0.2436009221  9.384816985e-08  3264.277685  1.98e-11  1
2773.562614  0.2435850552  6.831782827e-08  3825.894357  1.75e-11  1
3255.803816  0.2435714811  4.971110559e-08  4485.111963  1.535e-11  1
3821.892621  0.2435598754  3.615837739e-08  5258.907517  1.348e-11  1
4486.407667  0.2435499577  2.629195036e-08  6167.20803  1.176e-11  1
5266.462393  0.2435414862  1.911238652e-08  7233.400971  8.882e-12  1
6182.145761  0.2435342527  1.388996904e-08  8484.95144  7.66e-12  1
7257.039612  0.2435280785  1.009246471e-08  9954.085809  6.648e-12  1
8518.825983  0.2435228098  7.331880859e-09  11678.64078  5.743e-12  1
10000  0.243518315  5.325579463e-09  13703.02864  4.972e-12  1
