# model=Ising J=1 g=0.905 h=0.809 M=10 dim=786432 q=0.06 solver=mf-L1qL1q-gpures
# theta  nu  sigma2  tau  nu_bar  accepted
0.0316227766  0.3292150166  1.243785615  0.8966588415  6.481e-07  1
0.04893900918  0.3260597543  0.9898622598  1.005107739  5.185e-07  1
0.07573739176  0.3214019034  0.7424125469  1.160586056  5.757e-07  1
0.1172102298  0.3151406819  0.5216760987  1.384520946  1.23e-07  1
0.1813930694  0.3075334696  0.3433959259  1.706484826  2.21e-07  1
0.2807216204  0.2991531172  0.2127812082  2.167870645  1.493e-07  1
0.4344412299  0.2907097557  0.1253845748  2.824086171  1.328e-07  1
0.6723357536  0.2828179913  0.07126962735  3.745827347  7.778e-08  1
1.04049831  0.2758534826  0.039733398  5.016746384  3.12e-08  1
1.610262028  0.2699227498  0.02205944108  6.732909047  2.582e-08  1
2.492021151  0.2649353733  0.01230882961  9.013461749  1.986e-08  1
3.856620421  0.260716589  0.006911056053  12.02895201  1.316e-08  1
5.968456995  0.2571123936  0.003897730496  16.01747654  8.876e-09  1
9.236708572  0.2540382206  0.002219657954  21.22545322  6.722e-09  1
14.29461338  0.2514633563  0.001302548706  27.70786188  4.167e-09  1
22.12216291  0.2493702203  0.0008163362258  34.99979216  2.561e-09  1
34.23597958  0.247726292  0.0005673450003  41.9832818  1.753e-09  1
52.98316906  0.2464783386  0.0004440432204  47.45559011  1.174e-09  1
81.99608245  0.245560006  0.0003847611694  50.98053421  7.106e-10  1
126.8961003  0.2449025813  0.0003569475528  52.92950051  5.174e-10  1
196.3828002  0.2444430364  0.0003441375102  53.90561359  2.983e-10  1
303.9195382  0.2441282206  0.0003383064313  54.36818976  2.155e-10  1
470.3420342  0.2439160453  0.0003356617052  54.58195685  1.409e-10  1
727.8953844  0.2437748375  0.0003344552031  54.68031675  1.03e-10  1
1126.481692  0.243681731  0.0003338958427  54.7260993  7.537e-11  1
1743.328822  0.2436207466  0.0003336294965  54.74793967  5.61e-11  1
2697.95364  0.2435809831  0.0003334980009  54.75873194  4.345e-11  1
4175.318937  0.2435551355  0.0003334302434  54.76429551  3.273e-11  1
6461.670787  0.2435383744  0.000333393732  54.76729416  2.785e-11  1
10000  0.2435275738  0.0003333732966  54.76897273  5.296e-11  1
