# model=Ising J=1 g=0.905 h=0.809 M=10 dim=786432 q=0.006 solver=mf-L1qL1q-gpures
# theta  nu  sigma2  tau  nu_bar  accepted
0.0316227766  0.3292141247  1.24311029  0.8969023654  2.249e-07  1
0.05455594781  0.3250459466  0.9261508816  1.039104266  1.728e-07  1
0.09412049673  0.3184711819  0.6271327067  1.262758424  3.427e-07  1
0.1623776739  0.3095523289  0.3831685286  1.615493014  2.043e-07  1
0.2801356761  0.2991865715  0.2124225893  2.169699809  7.814e-08  1
0.4832930239  0.2887169959  0.1087863053  3.031886131  6.246e-08  1
0.8337822235  0.2792791433  0.05289887737  4.347872222  7.782e-08  1
1.438449888  0.2714070641  0.02517307133  6.30277635  2.645e-08  1
2.481628923  0.2650586105  0.01195302453  9.146629648  2.152e-08  1
4.281332399  0.2599133956  0.005647452235  13.30680267  1.538e-08  1
7.386199822  0.2556853915  0.002605309399  19.59161992  7.954e-09  1
12.74274986  0.2522467933  0.001154438205  29.431653  4.244e-09  1
21.98392649  0.2495539205  0.0004891084792  45.21654805  2.942e-09  1
37.92690191  0.2475474299  0.0001993813227  70.82030023  1.518e-09  1
65.4318913  0.2461234018  7.944545759e-05  112.1929234  9.076e-10  1
112.8837892  0.2451546269  3.193070945e-05  176.9683966  4.71e-10  1
194.748304  0.24451887  1.379307331e-05  269.2585346  2.989e-10  1
335.9818286  0.2441144501  7.086600891e-06  375.647941  1.889e-10  1
579.6393953  0.2438639601  4.673101463e-06  462.5912297  9.55e-11  1
1000  0.2437121144  3.823113952e-06  511.4360987  5.411e-11  1
