# model=Ising J=1 g=0.905 h=0.809 M=11 dim=3145728 q=0.002 solver=mf-L1qL1q-gpures
# theta  nu  sigma2  tau  nu_bar  accepted
0.0316227766  0.3292178801  1.243531369  0.8967505  7.786e-07  1
0.04893900918  0.3260557104  0.9891248859  1.005482313  1.923e-07  1
0.07573739176  0.3213947857  0.7415220192  1.161282748  2.043e-07  1
0.1172102298  0.3151317198  0.5207543974  1.38574566  2.979e-07  1
0.1813930694  0.3075227864  0.3424400354  1.708864915  1.605e-07  1
0.2807216204  0.2991427755  0.2118540635  2.172609133  1.356e-07  1
0.4344412299  0.2906980968  0.1244667416  2.834479627  6.828e-08  1
0.6723357536  0.2828003401  0.07033458316  3.770644087  5.202e-08  1
1.04049831  0.2758308739  0.03879598572  5.076993467  5.014e-08  1
1.610262028  0.2699208573  0.02119815352  6.868327314  2.489e-08  1
2.492021151  0.2650026978  0.01159382184  9.287240429  1.952e-08  1
3.856620421  0.2609036617  0.00635877526  12.54045407  1.26e-08  1
5.968456995  0.2574404977  0.003472004228  16.9710955  7.342e-09  1
9.236708572  0.2544855131  0.001866279946  23.14790041  4.905e-09  1
14.29461338  0.2519774597  0.0009785926506  31.96678978  3.546e-09  1
22.12216291  0.2498922786  0.0004983315116  44.79616389  2.319e-09  1
34.23597958  0.2482093876  0.0002463687347  63.70994108  1.469e-09  1
52.98316906  0.2468944732  0.0001185365351  91.84888442  9.718e-10  1
81.99608245  0.2458983943  5.572339327e-05  133.9618766  6.197e-10  1
126.8961003  0.2451644431  2.572816434e-05  197.1494634  3.95e-10  1
196.3828002  0.2446365416  1.17559112e-05  291.6566288  2.62e-10  1
303.9195382  0.2442648297  5.387570744e-06  430.8275895  1.585e-10  1
470.3420342  0.2440079858  2.540304123e-06  627.4182448  1.076e-10  1
727.8953844  0.2438334067  1.288421309e-06  880.9901455  7.068e-11  1
1126.481692  0.2437163607  7.45615705e-07  1158.09044  4.265e-11  1
1743.328822  0.2436387334  5.128321998e-07  1396.408093  2.932e-11  1
2697.95364  0.2435876664  4.138174225e-07  1554.517496  1.907e-11  1
4175.318937  0.2435542672  3.71945328e-07  1639.685084  1.177e-11  1
6461.670787  0.2435325115  3.543073423e-07  1680.002484  8.282e-12  1
10000  0.243518379  3.468959429e-07  1697.854186  5.313e-12  1
