# model=Ising J=1 g=0.905 h=0.809 M=8 dim=49152 q=0.09 solver=mf-L1qL1q-gpures
# theta  nu  sigma2  tau  nu_bar  accepted
0.0316227766  0.3291921035  1.241743105  0.8973959834  5.544e-07  1
0.04893900918  0.3260684409  0.9910019126  1.004529635  5.853e-07  1
0.07573739176  0.3214103323  0.743477771  1.159754339  4.025e-07  1
0.1172102298  0.315153698  0.5229077585  1.38288943  4.864e-07  1
0.1813930694  0.3075537608  0.3447552119  1.703117376  8.447e-08  1
0.2807216204  0.2991949297  0.2144425437  2.159456822  1.504e-07  1
0.4344412299  0.2907978376  0.1274814125  2.800764329  8.828e-08  1
0.6723357536  0.2829618833  0.07371100784  3.683272287  5.767e-08  1
1.04049831  0.2759954725  0.04213673221  4.871577028  6.453e-08  1
1.610262028  0.2699303527  0.02403738472  6.449950665  3.231e-08  1
2.492021151  0.2646596664  0.0137071914  8.541335115  2.514e-08  1
3.856620421  0.2600850359  0.007827574337  11.30280928  2.067e-08  1
5.968456995  0.2561759122  0.004536121525  14.84764788  1.378e-08  1
9.236708572  0.2529378349  0.002751518979  19.06398746  1.005e-08  1
14.29461338  0.2503569444  0.001821013472  23.43383785  4.738e-09  1
22.12216291  0.2483764936  0.001353883833  27.17748714  4.152e-09  1
34.23597958  0.2469068442  0.001126780298  29.79067733  2.766e-09  1
52.98316906  0.2458470043  0.001019131525  31.32455298  1.518e-09  1
81.99608245  0.2451012653  0.0009690513915  32.12377647  9.784e-10  1
126.8961003  0.2445875102  0.0009460231976  32.51240581  7.781e-10  1
196.3828002  0.2442397087  0.0009354680485  32.69531461  4.904e-10  1
303.9195382  0.2440074654  0.0009305972235  32.78076797  5.728e-10  1
470.3420342  0.2438539682  0.0009283093443  32.82113829  9.635e-10  1
727.8953844  0.2437532609  0.0009272036001  32.84070301  1.4e-09  1
1126.481692  0.2436875251  0.0009266486954  32.85053453  1.849e-09  1
1743.328822  0.2436447646  0.0009263579072  32.8556901  2.26e-09  1
2697.95364  0.2436170183  0.0009261986522  32.85851466  2.644e-09  1
4175.318937  0.2435990922  0.0009261080502  32.86012191  3.153e-09  1
6461.670787  0.243587482  0.0009260545046  32.8610719  3.585e-09  1
10000  0.2435799061  0.0009260217245  32.86165352  3.913e-09  1
