# model=Ising J=1 g=0.905 h=0.809 M=10 dim=786432 q=0.01 solver=mf-L1qL1q-gpures
# theta  nu  sigma2  tau  nu_bar  accepted
0.0316227766  0.3292067197  1.242370463  0.8971693765  3.518e-07  1
0.04893900918  0.3260567192  0.9892237331  1.005432076  5.015e-07  1
0.07573739176  0.3213951495  0.7415683506  1.16124647  5.68e-07  1
0.1172102298  0.3151316939  0.5207642578  1.38573254  1.209e-07  1
0.1813930694  0.3075237103  0.342480979  1.708762765  2.186e-07  1
0.2807216204  0.2991459074  0.2119246057  2.17224751  1.47e-07  1
0.4344412299  0.2907099414  0.1246244769  2.83268528  1.304e-07  1
0.6723357536  0.2828310992  0.07061702725  3.763095885  7.646e-08  1
1.04049831  0.2758847521  0.03917922833  5.052101428  3.041e-08  1
1.610262028  0.2699763182  0.02158475427  6.806540697  2.52e-08  1
2.492021151  0.2650136196  0.01189259763  9.169837452  1.972e-08  1
3.856620421  0.2608195894  0.006534494641  12.37069208  1.307e-08  1
5.968456995  0.2572376402  0.003546105529  16.79284085  8.978e-09  1
9.236708572  0.2541806868  0.001882474635  23.04811613  7.041e-09  1
14.29461338  0.2516158893  0.0009729305254  32.05967277  3.761e-09  1
22.12216291  0.2495243736  0.0004901943189  45.16644022  2.556e-09  1
34.23597958  0.2478735055  0.0002425161548  64.21399105  1.785e-09  1
52.98316906  0.246611124  0.0001195535237  91.45739131  1.162e-09  1
81.99608245  0.2456728908  6.027794737e-05  128.801456  6.684e-10  1
126.8961003  0.2449927677  3.242913607e-05  175.6031534  4.19e-10  1
196.3828002  0.2445104803  1.963580216e-05  225.6709599  3.022e-10  1
303.9195382  0.2441751352  1.387424873e-05  268.4696904  1.9e-10  1
470.3420342  0.243945969  1.132395996e-05  297.1671762  1.271e-10  1
727.8953844  0.2437916501  1.021118679e-05  312.9405846  8.51e-11  1
1126.481692  0.2436889561  9.73098727e-06  320.5690187  5.025e-11  1
1743.328822  0.2436212304  9.525340381e-06  324.0109952  3.354e-11  1
2697.95364  0.2435768579  9.437647735e-06  325.5128357  2.327e-11  1
4175.318937  0.2435479196  9.400291272e-06  326.1589833  1.485e-11  1
6461.670787  0.2435291058  9.384339768e-06  326.4360682  1.541e-11  1
10000  0.2435169002  9.377485941e-06  326.5553394  2.053e-11  1
