# model=Ising J=1 g=0.905 h=0.809 M=9 dim=196608 q=0.006 solver=mf-L1qL1q-gpures
# theta  nu  sigma2  tau  nu_bar  accepted
0.0316227766  0.3292080722  1.242600786  0.8970862248  8.849e-07  1
0.05455594781  0.325046444  0.9261979061  1.039077887  4.809e-07  1
0.09412049673  0.3184708186  0.6271110418  1.262780236  1.675e-07  1
0.1623776739  0.3095536707  0.3832041579  1.61541791  2.974e-07  1
0.2801356761  0.2991948859  0.212564788  2.16897396  2.32e-07  1
0.4832930239  0.2887506341  0.109166494  3.026602027  1.116e-07  1
0.8337822235  0.2793508872  0.05349853734  4.323436112  7.867e-08  1
1.438449888  0.271471915  0.02575060985  6.231695735  5.208e-08  1
2.481628923  0.2650172101  0.01231068279  9.012783307  2.778e-08  1
4.281332399  0.2596895713  0.00577749632  13.15619074  1.512e-08  1
7.386199822  0.2552978104  0.002611722118  19.56755289  9.274e-09  1
12.74274986  0.25178721  0.001126512102  29.79422336  5.381e-09  1
21.98392649  0.2491166232  0.0004648610565  46.38081947  3.462e-09  1
37.92690191  0.2471866034  0.0001855128732  73.4197623  1.96e-09  1
65.4318913  0.2458524262  7.293385041e-05  117.0942122  9.483e-10  1
112.8837892  0.2449640296  2.929834178e-05  184.7474614  6.326e-10  1
194.748304  0.2443913657  1.294170097e-05  277.9740916  3.479e-10  1
335.9818286  0.2440325963  6.98663883e-06  378.3257079  1.967e-10  1
579.6393953  0.2438131371  4.870464622e-06  453.1216399  1.278e-10  1
1000  0.2436813498  4.132239066e-06  491.934499  1.985e-10  1
