# model=Ising J=1 g=0.905 h=0.809 M=10 dim=786432 q=0.03 solver=mf-L1qL1q-gpures
# theta  nu  sigma2  tau  nu_bar  accepted
0.0316227766  0.3291955066  1.241315703  0.8975504631  2.095e-07  1
0.04893900918  0.3260570982  0.9893474163  1.005369227  4.773e-07  1
0.07573739176  0.3213966934  0.7417615677  1.161095217  5.72e-07  1
0.1172102298  0.3151337461  0.5209727498  1.385455229  1.228e-07  1
0.1813930694  0.3075259418  0.3426902845  1.708240853  2.213e-07  1
0.2807216204  0.2991475555  0.2121205466  2.171244  1.489e-07  1
0.4344412299  0.2907098983  0.1247983519  2.830711276  1.322e-07  1
0.6723357536  0.2828280994  0.07076631214  3.759124575  7.753e-08  1
1.04049831  0.2758776014  0.03930602405  5.043946161  3.094e-08  1
1.610262028  0.2699640765  0.02169340827  6.789473618  2.554e-08  1
2.492021151  0.2649957446  0.01198791083  9.133311041  1.993e-08  1
3.856620421  0.2607960758  0.006620770294  12.28982616  1.325e-08  1
5.968456995  0.2572090855  0.00362672141  16.60515378  9.06e-09  1
9.236708572  0.2541482856  0.001959839597  22.5886219  7.016e-09  1
14.29461338  0.2515813548  0.001048627234  30.88086335  4.532e-09  1
22.12216291  0.249489766  0.0005651601887  42.06435358  2.923e-09  1
34.23597958  0.247840951  0.0003172453607  56.14387192  1.735e-09  1
52.98316906  0.2465825762  0.0001942677904  71.74631496  1.168e-09  1
81.99608245  0.2456498485  0.0001350438974  86.05230708  7.618e-10  1
126.8961003  0.2449760856  0.0001072439078  96.56365252  4.114e-10  1
196.3828002  0.2445002797  9.447437444e-05  102.8828503  2.981e-10  1
303.9195382  0.2441708774  8.871298734e-05  106.1711198  1.882e-10  1
470.3420342  0.2439466927  8.614903448e-05  107.7394596  1.24e-10  1
727.8953844  0.2437962547  8.5017984e-05  108.4537564  8.248e-11  1
1126.481692  0.2436964176  8.452047976e-05  108.7724782  5.579e-11  1
1743.328822  0.2436307097  8.430078866e-05  108.9141186  4.153e-11  1
2697.95364  0.2435877213  8.420263705e-05  108.9775785  2.629e-11  1
4175.318937  0.2435597131  8.415788541e-05  109.0065495  1.992e-11  1
6461.670787  0.2435415167  8.413687254e-05  109.0201606  1.429e-11  1
10000  0.2435297173  8.412662535e-05  109.0268001  1.789e-11  1
