# model=Ising J=1 g=0.905 h=0.809 M=11 dim=3145728 q=0.01 solver=mf-L1qL1q-gpures
# theta  nu  sigma2  tau  nu_bar  accepted
0.0316227766  0.3292044127  1.242286398  0.8971997316  5.89e-07  1
0.04893900918  0.3260559433  0.9891526831  1.005468185  1.937e-07  1
0.07573739176  0.3213949783  0.7415456081  1.161264277  2.057e-07  1
0.1172102298  0.3151319689  0.5207795955  1.385712134  3.008e-07  1
0.1813930694  0.3075230522  0.3424651543  1.708802244  1.636e-07  1
0.2807216204  0.2991429716  0.2118775845  2.172488536  1.37e-07  1
0.4344412299  0.290698089  0.1244875953  2.834242206  6.893e-08  1
0.6723357536  0.2827999733  0.07035245839  3.770165032  5.268e-08  1
1.04049831  0.2758299898  0.03881108278  5.076005925  5.058e-08  1
1.610262028  0.2699193285  0.02121097912  6.86625047  2.502e-08  1
2.492021151  0.2650004264  0.0116049261  9.282796084  1.976e-08  1
3.856620421  0.2609006052  0.006368667721  12.53071074  1.265e-08  1
5.968456995  0.2574366889  0.003481106468  16.94889335  7.401e-09  1
9.236708572  0.2544810654  0.001874906141  23.09458881  4.946e-09  1
14.29461338  0.2519725663  0.0009869588333  31.83101453  3.587e-09  1
22.12216291  0.2498871939  0.0005065732218  44.43026317  2.327e-09  1
34.23597958  0.2482043965  0.0002545622245  62.67625247  1.475e-09  1
52.98316906  0.246889857  0.0001267192391  88.83389852  9.675e-10  1
81.99608245  0.2458943989  6.391018265e-05  125.0878047  6.179e-10  1
126.8961003  0.2451612488  3.392221619e-05  171.6950961  3.993e-10  1
196.3828002  0.2446342378  1.995540988e-05  223.8564817  2.657e-10  1
303.9195382  0.2442634059  1.358949567e-05  271.2678531  1.6e-10  1
470.3420342  0.2440073478  1.074225554e-05  305.1070623  1.08e-10  1
727.8953844  0.2438334125  9.489113735e-06  324.6288954  7.1e-11  1
1126.481692  0.2437168591  8.94466345e-06  334.3628341  4.297e-11  1
1743.328822  0.2436395895  8.710350639e-06  338.8302537  2.939e-11  1
2697.95364  0.2435887726  8.610110495e-06  340.7969015  1.882e-11  1
4175.318937  0.2435555437  8.567333785e-06  341.6466419  1.325e-11  1
6461.670787  0.243533902  8.549060027e-06  342.0115846  8.024e-12  1
10000  0.2435198448  8.541215137e-06  342.1686131  5.675e-12  1
