# model=Ising J=1 g=0.905 h=0.809 M=9 dim=196608 q=0.07 solver=mf-L1qL1q-gpures
# theta  nu  sigma2  tau  nu_bar  accepted
0.0316227766  0.3292493637  1.247257266  0.895410079  9.057e-07  1
0.04893900918  0.3260608577  0.9900747259  1.004999887  1.922e-07  1
0.07573739176  0.3214041167  0.742695396  1.160365036  2.016e-07  1
0.1172102298  0.3151444405  0.5220310344  1.384050189  2.139e-07  1
0.1813930694  0.3075387275  0.3437761122  1.705540953  3.006e-07  1
0.2807216204  0.2991642994  0.2132404251  2.165535114  1.467e-07  1
0.4344412299  0.2907369789  0.1259960359  2.817225166  1.117e-07  1
0.6723357536  0.2828720729  0.07205204214  3.72543382  4.753e-08  1
1.04049831  0.2759221222  0.04057226716  4.96461256  3.659e-08  1
1.610262028  0.2699592344  0.02279586718  6.623262092  4.735e-08  1
2.492021151  0.2648727664  0.01284471529  8.823436383  2.87e-08  1
3.856620421  0.2605068384  0.007250938864  11.74364402  1.427e-08  1
5.968456995  0.2567576843  0.004108931735  15.60039292  9.726e-09  1
9.236708572  0.2535883376  0.002373010929  20.52816505  7.919e-09  1
14.29461338  0.2509870642  0.001442491054  26.32954995  4.668e-09  1
22.12216291  0.2489265604  0.0009613398381  32.25236232  3.479e-09  1
34.23597958  0.2473508765  0.0007211203385  37.23883859  2.016e-09  1
52.98316906  0.2461837108  0.0006048028625  40.66240681  1.398e-09  1
81.99608245  0.245342999  0.000549879448  42.64481709  9.023e-10  1
126.8961003  0.2447520422  0.0005244430642  43.66674569  6.137e-10  1
196.3828002  0.2443452514  0.0005128126789  44.15914163  3.576e-10  1
303.9195382  0.2440700242  0.0005075209168  44.38876142  2.77e-10  1
470.3420342  0.2438863147  0.000505102476  44.49490166  1.905e-10  1
727.8953844  0.2437649259  0.0005039806518  44.54439534  1.283e-10  1
1126.481692  0.2436852959  0.0005034467971  44.56800651  1.044e-10  1
1743.328822  0.2436333221  0.0005031836288  44.57965966  1.299e-10  1
2697.95364  0.2435995154  0.0005030483058  44.58565536  1.573e-10  1
4175.318937  0.2435775773  0.0005029755302  44.58888079  1.834e-10  1
6461.670787  0.2435634123  0.0005029348158  44.59068557  2.336e-10  1
10000  0.2435542308  0.0005029110484  44.59173923  3.056e-10  1
