# model=Ising J=1 g=0.905 h=0.809 M=8 dim=49152 q=0.004 solver=mf-L1qL1q-gpures
# theta  nu  sigma2  tau  nu_bar  accepted
0.0316227766  0.3292156752  1.243274063  0.8968432902  4.498e-07  1
0.05455594781  0.3250456977  0.9261309549  1.039115445  1.329e-07  1
0.09412049673  0.3184714436  0.6271358708  1.262755239  2.786e-07  1
0.1623776739  0.3095576391  0.3833005649  1.615214744  7.177e-08  1
0.2801356761  0.299218417  0.2129739299  2.166889562  2.347e-07  1
0.4832930239  0.2888222967  0.1100339121  3.014648786  6.324e-08  1
0.8337822235  0.2794572029  0.05456742673  4.28088206  9.092e-08  1
1.438449888  0.2715101464  0.02658271895  6.133386037  3.459e-08  1
2.481628923  0.2648514222  0.01271408465  8.868648668  2.222e-08  1
4.281332399  0.2592759634  0.005865882719  13.05669659  1.88e-08  1
7.386199822  0.2547238673  0.002574784615  19.70740979  1.035e-08  1
12.74274986  0.251190062  0.001074613657  30.50519617  6.553e-09  1
21.98392649  0.2485960132  0.0004299271072  48.22837018  3.434e-09  1
37.92690191  0.246781052  0.0001665864341  77.47831803  1.75e-09  1
65.4318913  0.2455592632  6.330312399e-05  125.6861516  1.35e-09  1
112.8837892  0.2447634465  2.416243122e-05  203.436879  7.072e-10  1
194.748304  0.2442600846  9.772573989e-06  319.8862085  4.606e-10  1
335.9818286  0.2439497007  4.618636939e-06  465.3107517  1.203e-09  1
579.6393953  0.243762179  2.810787128e-06  596.466452  2.518e-09  1
1000  0.2436505694  2.186198963e-06  676.3245591  4.631e-09  1
