# model=Ising J=1 g=0.905 h=0.809 M=8 dim=49152 q=0.06 solver=mf-L1qL1q-gpures
# theta  nu  sigma2  tau  nu_bar  accepted
0.0316227766  0.3292067806  1.24270017  0.8970503524  2.849e-07  1
0.04893900918  0.3260608902  0.9899401716  1.005068185  5.77e-07  1
0.07573739176  0.3214017066  0.7423961957  1.160598837  4.059e-07  1
0.1172102298  0.315142172  0.5217377455  1.384439148  4.836e-07  1
0.1813930694  0.3075412375  0.3435810791  1.706024958  8.498e-08  1
0.2807216204  0.2991856044  0.2133421454  2.165018795  1.504e-07  1
0.4344412299  0.290797627  0.1265010808  2.811595775  8.827e-08  1
0.6723357536  0.2829770084  0.07286036632  3.704710914  5.734e-08  1
1.04049831  0.2760308916  0.04139947126  4.914763256  6.406e-08  1
1.610262028  0.2699886491  0.02338627659  6.539122287  3.254e-08  1
2.492021151  0.2647405344  0.01311501651  8.732037238  2.533e-08  1
3.856620421  0.2601854256  0.007272484848  11.72623484  2.117e-08  1
5.968456995  0.2562904778  0.004002636024  15.80618097  1.44e-08  1
9.236708572  0.2530595762  0.002229605005  21.17805319  9.104e-09  1
14.29461338  0.2504779797  0.001304719252  27.68480473  5.279e-09  1
22.12216291  0.2484893085  0.0008400475489  34.50230147  4.092e-09  1
34.23597958  0.2470055016  0.0006139763572  40.35749263  2.544e-09  1
52.98316906  0.2459279671  0.0005068399553  44.41857053  1.272e-09  1
81.99608245  0.2451637042  0.0004571391599  46.77090647  9.416e-10  1
126.8961003  0.2446327772  0.0004344623525  47.97598779  7.067e-10  1
196.3828002  0.2442704934  0.0004242298945  48.55113259  4.697e-10  1
303.9195382  0.2440269159  0.0004196327334  48.8163519  6.208e-10  1
470.3420342  0.2438650417  0.0004175594437  48.93739469  1.106e-09  1
727.8953844  0.2437583987  0.0004166120297  48.99300715  1.726e-09  1
1126.481692  0.2436885814  0.0004161689556  49.01908041  2.459e-09  1
1743.328822  0.2436430722  0.0004159548179  49.03169655  3.222e-09  1
2697.95364  0.2436134962  0.000415847022  49.03805113  3.993e-09  1
4175.318937  0.243594314  0.0004157902583  49.04139835  4.662e-09  1
6461.670787  0.243581891  0.0004157590003  49.04324186  5.276e-09  1
10000  0.2435738929  0.0004157411651  49.04429382  5.843e-09  1
