# model=Ising J=1 g=0.905 h=0.809 M=11 dim=3145728 q=0.03 solver=mf-L1qL1q-gpures
# theta  nu  sigma2  tau  nu_bar  accepted
0.0316227766  0.3291841793  1.240263189  0.8979312225  3.165e-07  1
0.04893900918  0.3260567721  0.9893060869  1.005390227  1.864e-07  1
0.07573739176  0.3213964948  0.7417373487  1.161114173  2.053e-07  1
0.1172102298  0.3151340234  0.520988095  1.385434826  3.008e-07  1
0.1813930694  0.3075252849  0.3426744064  1.708280429  1.629e-07  1
0.2807216204  0.2991446211  0.2120734996  2.171484824  1.366e-07  1
0.4344412299  0.2906980397  0.1246613646  2.832266148  6.901e-08  1
0.6723357536  0.2827969304  0.07050139062  3.766180742  5.265e-08  1
1.04049831  0.2758226686  0.03893696179  5.067794193  5.077e-08  1
1.610262028  0.2699066108  0.02131784519  6.849018637  2.508e-08  1
2.492021151  0.264981503  0.01169740434  9.24602895  1.971e-08  1
3.856620421  0.2608751319  0.006451037739  12.45045459  1.256e-08  1
5.968456995  0.2574049286  0.00355687702  16.76739422  7.38e-09  1
9.236708572  0.254443949  0.001946698433  22.66473577  6.021e-09  1
14.29461338  0.2519316797  0.00105655924  30.76472758  3.513e-09  1
22.12216291  0.2498446158  0.0005751152087  41.69870558  2.254e-09  1
34.23597958  0.2481624362  0.0003226801789  55.66905582  1.582e-09  1
52.98316906  0.2468507578  0.0001947237363  71.66226868  1.024e-09  1
81.99608245  0.2458600953  0.0001319274595  87.06275391  6.26e-10  1
126.8961003  0.2451331197  0.0001019823074  99.02334281  3.775e-10  1
196.3828002  0.2446129374  8.804800972e-05  106.5712914  2.533e-10  1
303.9195382  0.2442488122  8.169412811e-05  110.6380669  1.763e-10  1
470.3420342  0.2439987101  7.884269697e-05  112.6209701  1.147e-10  1
727.8953844  0.2438296353  7.757714668e-05  113.5358718  7.54e-11  1
1126.481692  0.2437167887  7.701842654e-05  113.9469432  5.082e-11  1
1743.328822  0.2436422053  7.677140601e-05  114.1301145  3.411e-11  1
2697.95364  0.243593264  7.666118876e-05  114.2121285  2.35e-11  1
4175.318937  0.2435613117  7.661112812e-05  114.2494377  1.686e-11  1
6461.670787  0.2435405232  7.658776693e-05  114.2668608  1.155e-11  1
10000  0.2435270313  7.657646827e-05  114.2752904  7.896e-12  1
