# model=Ising J=1 g=0.905 h=0.809 M=10 dim=786432 q=0.02 solver=mf-L1qL1q-gpures
# theta  nu  sigma2  tau  nu_bar  accepted
0.0316227766  0.3292012933  1.241832855  0.8973635545  8.394e-08  1
0.04893900918  0.3260566491  0.9892541898  1.005416599  4.512e-07  1
0.07573739176  0.3213956804  0.7416387684  1.161191339  5.669e-07  1
0.1172102298  0.315132459  0.5208423679  1.385628628  1.235e-07  1
0.1813930694  0.3075245459  0.3425595074  1.708566895  2.213e-07  1
0.2807216204  0.2991465235  0.2119980964  2.171870965  1.495e-07  1
0.4344412299  0.290709923  0.1246896894  2.831944439  1.32e-07  1
0.6723357536  0.2828299697  0.07067300201  3.761605357  7.762e-08  1
1.04049831  0.2758820663  0.03922677431  5.049038725  3.101e-08  1
1.610262028  0.2699717271  0.02162551069  6.800123715  2.552e-08  1
2.492021151  0.2650069165  0.01192835251  9.156083983  1.998e-08  1
3.856620421  0.2608107735  0.006566862598  12.34016695  1.332e-08  1
5.968456995  0.257226937  0.003576353734  16.72167453  9.09e-09  1
9.236708572  0.2541685476  0.001911507262  22.87241508  7.09e-09  1
14.29461338  0.2516029628  0.001001340608  31.60160101  3.784e-09  1
22.12216291  0.2495114392  0.0005183352412  43.9232666  2.546e-09  1
34.23597958  0.2478613771  0.0002705738219  60.79349505  1.776e-09  1
52.98316906  0.2466005505  0.0001476102226  82.30794949  1.213e-09  1
81.99608245  0.2456644478  8.835737389e-05  106.3845596  6.688e-10  1
126.8961003  0.2449867962  6.05298452e-05  128.5331699  4.222e-10  1
196.3828002  0.2445070331  4.774735994e-05  144.7189218  3.048e-10  1
303.9195382  0.2441740084  4.19869581e-05  154.3273128  1.913e-10  1
470.3420342  0.2439467913  3.943205061e-05  159.2484884  1.273e-10  1
727.8953844  0.243793993  3.831259283e-05  161.5582826  8.48e-11  1
1126.481692  0.2436924196  3.782591474e-05  162.5942864  5.862e-11  1
1743.328822  0.2436254861  3.761495472e-05  163.0495965  3.828e-11  1
2697.95364  0.2435816573  3.75232831e-05  163.2486449  2.538e-11  1
4175.318937  0.2435530844  3.748310426e-05  163.3361161  1.66e-11  1
6461.670787  0.2435345132  3.746521721e-05  163.3751023  1.407e-11  1
10000  0.2435224671  3.745706413e-05  163.3928818  1.797e-11  1
