# model=Ising J=1 g=0.905 h=0.809 M=9 dim=196608 q=0.004 solver=mf-L1qL1q-gpures
# theta  nu  sigma2  tau  nu_bar  accepted
0.0316227766  0.329199269  1.241668322  0.8974230072  6.268e-07  1
0.05455594781  0.325046832  0.9262182182  1.039066493  4.558e-07  1
0.09412049673  0.3184707966  0.6271067049  1.262784603  1.644e-07  1
0.1623776739  0.3095536188  0.3831988355  1.615429129  2.927e-07  1
0.2801356761  0.2991948474  0.21255984  2.168999205  2.274e-07  1
0.4832930239  0.2887506627  0.109162358  3.026659363  1.095e-07  1
0.8337822235  0.2793510212  0.05349511901  4.323574243  7.692e-08  1
1.438449888  0.2714721725  0.02574771706  6.232045794  5.139e-08  1
2.481628923  0.2650176202  0.01230818853  9.013696482  2.741e-08  1
4.281332399  0.2596901187  0.005775231553  13.1587701  1.488e-08  1
7.386199822  0.2552984592  0.002609576548  19.57559538  9.129e-09  1
12.74274986  0.2517878945  0.00112441609  29.82197997  5.311e-09  1
21.98392649  0.2491172689  0.0004627806051  46.4849561  3.4e-09  1
37.92690191  0.2471871362  0.000183433708  73.83468517  1.93e-09  1
65.4318913  0.2458527878  7.085216799e-05  118.8019114  9.134e-10  1
112.8837892  0.2449641921  2.721469214e-05  191.6894834  6.183e-10  1
194.748304  0.2443913357  1.085752631e-05  303.4831302  3.383e-10  1
335.9818286  0.244032406  4.902893213e-06  451.6206411  1.921e-10  1
579.6393953  0.2438128284  2.787458676e-06  598.957188  1.256e-10  1
1000  0.243680961  2.049911963e-06  698.4452932  1.986e-10  1
