# model=Ising J=1 g=0.905 h=0.809 M=9 dim=196608 q=0.06 solver=mf-L1qL1q-gpures
# theta  nu  sigma2  tau  nu_bar  accepted
0.0316227766  0.3291991397  1.241921324  0.8973315919  1.257e-07  1
0.04893900918  0.3260596707  0.9898330785  1.005122554  1.636e-07  1
0.07573739176  0.3214016244  0.7423828591  1.160609262  2.016e-07  1
0.1172102298  0.3151411105  0.5216928613  1.384498702  2.143e-07  1
0.1813930694  0.3075351082  0.3434367017  1.706383518  3e-07  1
0.2807216204  0.2991616204  0.2129225693  2.167150892  1.47e-07  1
0.4344412299  0.2907370109  0.1257136614  2.820387377  1.123e-07  1
0.6723357536  0.282876776  0.07180873914  3.731739757  4.745e-08  1
1.04049831  0.2759332303  0.04036405055  4.977400984  3.673e-08  1
1.610262028  0.2699779229  0.02261521714  6.649662737  4.702e-08  1
2.492021151  0.2648994329  0.01268365178  8.879281914  2.889e-08  1
3.856620421  0.2605409975  0.007102661197  11.86559308  1.428e-08  1
5.968456995  0.2567980163  0.003968382207  15.87425137  9.762e-09  1
9.236708572  0.2536328209  0.002236766145  21.14412461  8.067e-09  1
14.29461338  0.2510331977  0.001308422233  27.64560143  4.886e-09  1
22.12216291  0.2489717035  0.0008282492258  34.74717333  2.989e-09  1
34.23597958  0.2473926883  0.00058842682  41.2243456  2.198e-09  1
52.98316906  0.2462204461  0.0004722612007  46.01600023  1.313e-09  1
81.99608245  0.2453737713  0.0004174179203  48.94568997  7.259e-10  1
126.8961003  0.2447767919  0.0003920505934  50.50436816  4.855e-10  1
196.3828002  0.244364557  0.0003804899762  51.26587686  3.845e-10  1
303.9195382  0.2440848249  0.0003752639518  51.62161365  2.508e-10  1
470.3420342  0.2438976381  0.000372901481  51.78487662  1.72e-10  1
727.8953844  0.2437737049  0.0003718234286  51.85989395  1.242e-10  1
1126.481692  0.243692285  0.0003713217518  51.89491497  1.104e-10  1
1743.328822  0.2436390867  0.0003710812391  51.91172984  1.419e-10  1
2697.95364  0.2436044577  0.0003709614055  51.92011382  1.749e-10  1
4175.318937  0.2435819742  0.000370899014  51.92448055  2.063e-10  1
6461.670787  0.2435674011  0.00037086503  51.92685954  2.371e-10  1
10000  0.243558028  0.0003708458556  51.92820194  2.943e-10  1
