# model=Ising J=1 g=0.905 h=0.809 M=10 dim=786432 q=0.05 solver=mf-L1qL1q-gpures
# theta  nu  sigma2  tau  nu_bar  accepted
0.0316227766  0.3292039926  1.242322686  0.897186628  2.536e-07  1
0.04893900918  0.3260594296  0.9897017838  1.005189222  4.94e-07  1
0.07573739176  0.321399753  0.742146085  1.160794388  5.734e-07  1
0.1172102298  0.3151378565  0.5213895984  1.384901286  1.223e-07  1
0.1813930694  0.3075304056  0.3431085425  1.707199341  2.196e-07  1
0.2807216204  0.2991508546  0.2125121645  2.16924249  1.484e-07  1
0.4344412299  0.290709817  0.1251458566  2.826778388  1.314e-07  1
0.6723357536  0.2828221136  0.07106469578  3.751224441  7.722e-08  1
1.04049831  0.2758633127  0.03955940615  5.027766712  3.087e-08  1
1.610262028  0.2699395897  0.02191044122  6.75576351  2.548e-08  1
2.492021151  0.264959978  0.01217822624  9.061664548  1.978e-08  1
3.856620421  0.2607489968  0.006792956986  12.13306622  1.308e-08  1
5.968456995  0.2571518459  0.003787517322  16.24885212  8.889e-09  1
9.236708572  0.2540831926  0.00211404416  21.74918426  6.813e-09  1
14.29461338  0.2515116945  0.001199384342  28.87492153  4.283e-09  1
22.12216291  0.2494194218  0.0007143417803  37.4151055  2.699e-09  1
34.23597958  0.2477738805  0.0004658421174  46.33195485  1.887e-09  1
52.98316906  0.2465222377  0.0003427215752  54.01685283  1.195e-09  1
81.99608245  0.2455987953  0.0002835057366  59.39078621  7.839e-10  1
126.8961003  0.2449356365  0.0002557304877  62.53292545  4.63e-10  1
196.3828002  0.2444704711  0.0002429593433  64.1553971  3.239e-10  1
303.9195382  0.2441506882  0.0002371699234  64.93370646  2.013e-10  1
470.3420342  0.2439344742  0.0002345649234  65.29327697  1.329e-10  1
727.8953844  0.2437901918  0.0002333921307  65.45712036  9.753e-11  1
1126.481692  0.2436948593  0.0002328589801  65.53201236  6.503e-11  1
1743.328822  0.2436323201  0.0002326117957  65.56682184  5.042e-11  1
2697.95364  0.2435914978  0.0002324937339  65.58346735  3.745e-11  1
4175.318937  0.2435649434  0.0002324351387  65.59173339  2.921e-11  1
6461.670787  0.243547711  0.000232404748  65.59602185  2.04e-11  1
10000  0.2435365471  0.0002323882559  65.59834941  3.111e-11  1
