# model=Ising J=1 g=0.905 h=0.809 M=9 dim=196608 q=0.01 solver=mf-L1qL1q-gpures
# theta  nu  sigma2  tau  nu_bar  accepted
0.0316227766  0.329193067  1.241078383  0.897636274  9.897e-07  1
0.04893900918  0.3260556597  0.9891332512  1.005478062  1.941e-07  1
0.07573739176  0.3213949402  0.7415419302  1.161267157  2.014e-07  1
0.1172102298  0.3151321203  0.5207810026  1.385710262  2.136e-07  1
0.1813930694  0.3075253465  0.3425217726  1.708661007  2.984e-07  1
0.2807216204  0.2991543901  0.2120656889  2.171524813  1.467e-07  1
0.4344412299  0.2907370833  0.1249523459  2.828966424  1.112e-07  1
0.6723357536  0.2828894297  0.07115263332  3.748905655  4.7e-08  1
1.04049831  0.2759630669  0.03980228281  5.012403325  5.472e-08  1
1.610262028  0.2700281797  0.02212758337  6.722533997  4.676e-08  1
2.492021151  0.2649711346  0.01224865647  9.035574536  2.898e-08  1
3.856620421  0.2606327073  0.006701849309  12.21525875  1.445e-08  1
5.968456995  0.2569059842  0.003588060116  16.69437423  9.96e-09  1
9.236708572  0.2537512585  0.001867641973  23.13945827  6.67e-09  1
14.29461338  0.2511547651  0.0009447118353  32.53496335  4.617e-09  1
22.12216291  0.2490884372  0.0004667134434  46.28868515  3.397e-09  1
34.23597958  0.2474970687  0.0002274909658  66.30067085  1.902e-09  1
52.98316906  0.2463064977  0.0001113324701  94.77397095  1.285e-09  1
81.99608245  0.2454378854  5.638278692e-05  133.1762343  8.397e-10  1
126.8961003  0.2448180777  3.09754996e-05  179.6763183  5.602e-10  1
196.3828002  0.2443845704  1.94649784e-05  226.6590358  3.672e-10  1
303.9195382  0.2440867632  1.434382072e-05  264.0386939  2.32e-10  1
470.3420342  0.2438853355  1.210025771e-05  287.4767259  1.485e-10  1
727.8953844  0.2437508247  1.112938847e-05  299.7535596  1.034e-10  1
1126.481692  0.2436618843  1.071301599e-05  305.5231503  1.401e-10  1
1743.328822  0.2436035039  1.053546643e-05  308.0868177  2.079e-10  1
2697.95364  0.2435653807  1.045995327e-05  309.1968978  3.004e-10  1
4175.318937  0.2435405741  1.042782285e-05  309.6728832  4.334e-10  1
6461.670787  0.2435244711  1.041410079e-05  309.8768351  6.193e-10  1
10000  0.2435140347  1.040819601e-05  309.9647223  8.818e-10  1
