# model=Ising J=1 g=0.905 h=0.809 M=10 dim=786432 q=0.09 solver=mf-L1qL1q-gpures
# theta  nu  sigma2  tau  nu_bar  accepted
0.0316227766  0.329207294  1.243157065  0.8968854917  8.196e-08  1
0.04893900918  0.3260661516  0.9908409604  1.00461122  4.46e-07  1
0.07573739176  0.3214103901  0.7434875723  1.159746694  5.602e-07  1
0.1172102298  0.3151522023  0.5228459092  1.382971221  1.216e-07  1
0.1813930694  0.3075459848  0.3445698069  1.703575518  2.197e-07  1
0.2807216204  0.2991623555  0.2138801683  2.162293991  1.476e-07  1
0.4344412299  0.2907094938  0.1263595407  2.813170021  1.308e-07  1
0.6723357536  0.2828011329  0.0721064626  3.724027718  7.704e-08  1
1.04049831  0.2758132735  0.0404435926  4.972503947  3.088e-08  1
1.610262028  0.2698538261  0.02266720458  6.64203283  2.565e-08  1
2.492021151  0.2648346044  0.01284110528  8.824676559  1.955e-08  1
3.856620421  0.2605836863  0.007391843098  11.63117607  1.274e-08  1
5.968456995  0.2569501819  0.004345818081  15.16925419  1.108e-08  1
9.236708572  0.2538524604  0.002648368503  19.43169982  6.149e-09  1
14.29461338  0.2512620149  0.001720602955  24.1079159  4.301e-09  1
22.12216291  0.2491622233  0.001228907095  28.52597348  2.593e-09  1
34.23597958  0.2475199042  0.000977196226  31.98962208  1.839e-09  1
52.98316906  0.2462797128  0.0008524829431  34.2497299  1.246e-09  1
81.99608245  0.2453724289  0.0007923524461  35.52554903  7.363e-10  1
126.8961003  0.244726598  0.0007639310675  36.1803625  4.373e-10  1
196.3828002  0.2442772989  0.0007506487043  36.49905585  3.225e-10  1
303.9195382  0.2439705371  0.0007444517594  36.65065324  2.395e-10  1
470.3420342  0.2437641767  0.0007415339218  36.72269018  1.797e-10  1
727.8953844  0.243627008  0.000740132722  36.75743496  1.276e-10  1
1126.481692  0.2435366386  0.0007394389806  36.77467382  1.026e-10  1
1743.328822  0.2434774648  0.0007390818437  36.78355782  7.642e-11  1
2697.95364  0.243438929  0.0007388901585  36.78832876  6.742e-11  1
4175.318937  0.2434138224  0.000738782483  36.79100956  4.703e-11  1
6461.670787  0.2433976148  0.0007387201617  36.79256145  8.438e-11  1
10000  0.2433871714  0.0007386829884  36.79348721  1.71e-10  1
