# model=Ising J=1 g=0.905 h=0.809 M=8 dim=49152 q=0.006 solver=mf-L1qL1q-gpures
# theta  nu  sigma2  tau  nu_bar  accepted
0.0316227766  0.3291899348  1.240759639  0.8977515655  9.267e-07  1
0.05455594781  0.3250460516  0.9261555587  1.039101642  1.385e-07  1
0.09412049673  0.318471502  0.6271413939  1.262749678  2.784e-07  1
0.1623776739  0.3095576954  0.3833058339  1.615203643  7.198e-08  1
0.2801356761  0.2992184588  0.2129788388  2.16686459  2.352e-07  1
0.4832930239  0.2888222836  0.1100381415  3.01459085  6.345e-08  1
0.8337822235  0.2794570936  0.05457096067  4.280743446  9.14e-08  1
1.438449888  0.2715099143  0.02658571574  6.133040344  3.427e-08  1
2.481628923  0.2648510653  0.01271673769  8.867723506  2.229e-08  1
4.281332399  0.2592755046  0.005868345156  13.05395692  1.877e-08  1
7.386199822  0.2547233519  0.002577155816  19.69834146  1.03e-08  1
12.74274986  0.2511895517  0.001076949838  30.47209141  6.622e-09  1
21.98392649  0.2485955763  0.0004322551151  48.09832244  3.403e-09  1
37.92690191  0.246780749  0.0001689157483  76.94225836  1.75e-09  1
65.4318913  0.245559131  6.563486806e-05  123.4333999  1.346e-09  1
112.8837892  0.2447634905  2.649511599e-05  194.275076  7.03e-10  1
194.748304  0.2442602828  1.210481959e-05  287.4225509  4.581e-10  1
335.9818286  0.243950017  6.949871355e-06  379.3251316  1.196e-09  1
579.6393953  0.2437625774  5.141020349e-06  441.0373181  2.526e-09  1
1000  0.243651021  4.51566402e-06  470.5862021  4.614e-09  1
